"District","FIPS","Year","Free/Reduced Price Meal Eligibility","Measure Type","Variable","Value"
"Achievement First Bridgeport Academy District","","2009-2010","Eligible for Free or Reduced-Price Meals","Percent","Suspensions","17.4"
"Achievement First Bridgeport Academy District","","2010-2011","Eligible for Free or Reduced-Price Meals","Percent","Suspensions","40.9"
"Achievement First Bridgeport Academy District","","2011-2012","Eligible for Free or Reduced-Price Meals","Percent","Suspensions","33.6"
"Achievement First Bridgeport Academy District","","2012-2013","Eligible for Free or Reduced-Price Meals","Percent","Suspensions","20.0"
"Achievement First Bridgeport Academy District","","2013-2014","Eligible for Free or Reduced-Price Meals","Percent","Suspensions","30.8"
"Achievement First Bridgeport Academy District","","2014-2015","Eligible for Free or Reduced-Price Meals","Percent","Suspensions","32.4"
"Achievement First Bridgeport Academy District","","2015-2016","Eligible for Free or Reduced-Price Meals","Percent","Suspensions","24.3"
"Achievement First Bridgeport Academy District","","2016-2017","Eligible for Free or Reduced-Price Meals","Percent","Suspensions","18.6"
"Achievement First Bridgeport Academy District","","2017-2018","Eligible for Free or Reduced-Price Meals","Percent","Suspensions","14.9"
"Achievement First Bridgeport Academy District","","2018-2019","Eligible for Free or Reduced-Price Meals","Percent","Suspensions","15.9"
"Achievement First Bridgeport Academy District","","2019-2020","Eligible for Free or Reduced-Price Meals","Percent","Suspensions","10.1"
"Achievement First Hartford Academy District","","2009-2010","Eligible for Free or Reduced-Price Meals","Percent","Suspensions","29.6"
"Achievement First Hartford Academy District","","2010-2011","Eligible for Free or Reduced-Price Meals","Percent","Suspensions","32.4"
"Achievement First Hartford Academy District","","2011-2012","Eligible for Free or Reduced-Price Meals","Percent","Suspensions","38.2"
"Achievement First Hartford Academy District","","2012-2013","Eligible for Free or Reduced-Price Meals","Percent","Suspensions","48.1"
"Achievement First Hartford Academy District","","2013-2014","Eligible for Free or Reduced-Price Meals","Percent","Suspensions","29.6"
"Achievement First Hartford Academy District","","2014-2015","Eligible for Free or Reduced-Price Meals","Percent","Suspensions","28.9"
"Achievement First Hartford Academy District","","2015-2016","Eligible for Free or Reduced-Price Meals","Percent","Suspensions","23.6"
"Achievement First Hartford Academy District","","2016-2017","Eligible for Free or Reduced-Price Meals","Percent","Suspensions","21.0"
"Achievement First Hartford Academy District","","2017-2018","Eligible for Free or Reduced-Price Meals","Percent","Suspensions","12.1"
"Achievement First Hartford Academy District","","2018-2019","Eligible for Free or Reduced-Price Meals","Percent","Suspensions","8.4"
"Achievement First Hartford Academy District","","2019-2020","Eligible for Free or Reduced-Price Meals","Percent","Suspensions","8.3"
"Amistad Academy District","","2009-2010","Eligible for Free or Reduced-Price Meals","Percent","Suspensions","18.0"
"Amistad Academy District","","2010-2011","Eligible for Free or Reduced-Price Meals","Percent","Suspensions","20.2"
"Amistad Academy District","","2011-2012","Eligible for Free or Reduced-Price Meals","Percent","Suspensions","24.6"
"Amistad Academy District","","2012-2013","Eligible for Free or Reduced-Price Meals","Percent","Suspensions","36.1"
"Amistad Academy District","","2013-2014","Eligible for Free or Reduced-Price Meals","Percent","Suspensions","36.2"
"Amistad Academy District","","2014-2015","Eligible for Free or Reduced-Price Meals","Percent","Suspensions","32.0"
"Amistad Academy District","","2015-2016","Eligible for Free or Reduced-Price Meals","Percent","Suspensions","27.3"
"Amistad Academy District","","2016-2017","Eligible for Free or Reduced-Price Meals","Percent","Suspensions","26.4"
"Amistad Academy District","","2017-2018","Eligible for Free or Reduced-Price Meals","Percent","Suspensions","18.7"
"Amistad Academy District","","2018-2019","Eligible for Free or Reduced-Price Meals","Percent","Suspensions","14.9"
"Amistad Academy District","","2019-2020","Eligible for Free or Reduced-Price Meals","Percent","Suspensions","8.7"
"Andover School District","","2009-2010","Eligible for Free or Reduced-Price Meals","Percent","Suspensions","-6666"
"Andover School District","","2010-2011","Eligible for Free or Reduced-Price Meals","Percent","Suspensions","-6666"
"Andover School District","","2011-2012","Eligible for Free or Reduced-Price Meals","Percent","Suspensions","-9999"
"Andover School District","","2012-2013","Eligible for Free or Reduced-Price Meals","Percent","Suspensions","-9999"
"Andover School District","","2013-2014","Eligible for Free or Reduced-Price Meals","Percent","Suspensions","-9999"
"Andover School District","","2014-2015","Eligible for Free or Reduced-Price Meals","Percent","Suspensions","-9999"
"Andover School District","","2015-2016","Eligible for Free or Reduced-Price Meals","Percent","Suspensions","-6666"
"Andover School District","","2016-2017","Eligible for Free or Reduced-Price Meals","Percent","Suspensions","-6666"
"Andover School District","","2017-2018","Eligible for Free or Reduced-Price Meals","Percent","Suspensions","-9999"
"Andover School District","","2018-2019","Eligible for Free or Reduced-Price Meals","Percent","Suspensions","-9999"
"Andover School District","","2019-2020","Eligible for Free or Reduced-Price Meals","Percent","Suspensions","-9999"
"Ansonia School District","900901220","2009-2010","Eligible for Free or Reduced-Price Meals","Percent","Suspensions","13.7"
"Ansonia School District","900901220","2010-2011","Eligible for Free or Reduced-Price Meals","Percent","Suspensions","12.5"
"Ansonia School District","900901220","2011-2012","Eligible for Free or Reduced-Price Meals","Percent","Suspensions","11.9"
"Ansonia School District","900901220","2012-2013","Eligible for Free or Reduced-Price Meals","Percent","Suspensions","10.6"
"Ansonia School District","900901220","2013-2014","Eligible for Free or Reduced-Price Meals","Percent","Suspensions","8.9"
"Ansonia School District","900901220","2014-2015","Eligible for Free or Reduced-Price Meals","Percent","Suspensions","8.4"
"Ansonia School District","900901220","2015-2016","Eligible for Free or Reduced-Price Meals","Percent","Suspensions","9.7"
"Ansonia School District","900901220","2016-2017","Eligible for Free or Reduced-Price Meals","Percent","Suspensions","13.7"
"Ansonia School District","900901220","2017-2018","Eligible for Free or Reduced-Price Meals","Percent","Suspensions","11.8"
"Ansonia School District","900901220","2018-2019","Eligible for Free or Reduced-Price Meals","Percent","Suspensions","15.4"
"Ansonia School District","900901220","2019-2020","Eligible for Free or Reduced-Price Meals","Percent","Suspensions","10.0"
"Area Cooperative Educational Services","","2009-2010","Eligible for Free or Reduced-Price Meals","Percent","Suspensions","25.6"
"Area Cooperative Educational Services","","2010-2011","Eligible for Free or Reduced-Price Meals","Percent","Suspensions","22.2"
"Area Cooperative Educational Services","","2011-2012","Eligible for Free or Reduced-Price Meals","Percent","Suspensions","21.4"
"Area Cooperative Educational Services","","2012-2013","Eligible for Free or Reduced-Price Meals","Percent","Suspensions","19.4"
"Area Cooperative Educational Services","","2013-2014","Eligible for Free or Reduced-Price Meals","Percent","Suspensions","19.1"
"Area Cooperative Educational Services","","2014-2015","Eligible for Free or Reduced-Price Meals","Percent","Suspensions","17.6"
"Area Cooperative Educational Services","","2015-2016","Eligible for Free or Reduced-Price Meals","Percent","Suspensions","15.9"
"Area Cooperative Educational Services","","2016-2017","Eligible for Free or Reduced-Price Meals","Percent","Suspensions","17.2"
"Area Cooperative Educational Services","","2017-2018","Eligible for Free or Reduced-Price Meals","Percent","Suspensions","16.3"
"Area Cooperative Educational Services","","2018-2019","Eligible for Free or Reduced-Price Meals","Percent","Suspensions","18.3"
"Area Cooperative Educational Services","","2019-2020","Eligible for Free or Reduced-Price Meals","Percent","Suspensions","13.5"
"Ashford School District","","2009-2010","Eligible for Free or Reduced-Price Meals","Percent","Suspensions","-9999"
"Ashford School District","","2010-2011","Eligible for Free or Reduced-Price Meals","Percent","Suspensions","-9999"
"Ashford School District","","2011-2012","Eligible for Free or Reduced-Price Meals","Percent","Suspensions","3.8"
"Ashford School District","","2012-2013","Eligible for Free or Reduced-Price Meals","Percent","Suspensions","8.3"
"Ashford School District","","2013-2014","Eligible for Free or Reduced-Price Meals","Percent","Suspensions","-9999"
"Ashford School District","","2014-2015","Eligible for Free or Reduced-Price Meals","Percent","Suspensions","9.9"
"Ashford School District","","2015-2016","Eligible for Free or Reduced-Price Meals","Percent","Suspensions","8.6"
"Ashford School District","","2016-2017","Eligible for Free or Reduced-Price Meals","Percent","Suspensions","-9999"
"Ashford School District","","2017-2018","Eligible for Free or Reduced-Price Meals","Percent","Suspensions","-9999"
"Ashford School District","","2018-2019","Eligible for Free or Reduced-Price Meals","Percent","Suspensions","4.3"
"Ashford School District","","2019-2020","Eligible for Free or Reduced-Price Meals","Percent","Suspensions","5.7"
"Avon School District","900302060","2009-2010","Eligible for Free or Reduced-Price Meals","Percent","Suspensions","6.8"
"Avon School District","900302060","2010-2011","Eligible for Free or Reduced-Price Meals","Percent","Suspensions","6.6"
"Avon School District","900302060","2011-2012","Eligible for Free or Reduced-Price Meals","Percent","Suspensions","10.8"
"Avon School District","900302060","2012-2013","Eligible for Free or Reduced-Price Meals","Percent","Suspensions","11.5"
"Avon School District","900302060","2013-2014","Eligible for Free or Reduced-Price Meals","Percent","Suspensions","11.8"
"Avon School District","900302060","2014-2015","Eligible for Free or Reduced-Price Meals","Percent","Suspensions","8.5"
"Avon School District","900302060","2015-2016","Eligible for Free or Reduced-Price Meals","Percent","Suspensions","10.7"
"Avon School District","900302060","2016-2017","Eligible for Free or Reduced-Price Meals","Percent","Suspensions","8.6"
"Avon School District","900302060","2017-2018","Eligible for Free or Reduced-Price Meals","Percent","Suspensions","7.8"
"Avon School District","900302060","2018-2019","Eligible for Free or Reduced-Price Meals","Percent","Suspensions","10.6"
"Avon School District","900302060","2019-2020","Eligible for Free or Reduced-Price Meals","Percent","Suspensions","5.9"
"Barkhamsted School District","","2009-2010","Eligible for Free or Reduced-Price Meals","Percent","Suspensions","-6666"
"Barkhamsted School District","","2010-2011","Eligible for Free or Reduced-Price Meals","Percent","Suspensions","-6666"
"Barkhamsted School District","","2011-2012","Eligible for Free or Reduced-Price Meals","Percent","Suspensions","-9999"
"Barkhamsted School District","","2012-2013","Eligible for Free or Reduced-Price Meals","Percent","Suspensions","-9999"
"Barkhamsted School District","","2013-2014","Eligible for Free or Reduced-Price Meals","Percent","Suspensions","-9999"
"Barkhamsted School District","","2014-2015","Eligible for Free or Reduced-Price Meals","Percent","Suspensions","-6666"
"Barkhamsted School District","","2015-2016","Eligible for Free or Reduced-Price Meals","Percent","Suspensions","-6666"
"Barkhamsted School District","","2016-2017","Eligible for Free or Reduced-Price Meals","Percent","Suspensions","-9999"
"Barkhamsted School District","","2017-2018","Eligible for Free or Reduced-Price Meals","Percent","Suspensions","-6666"
"Barkhamsted School District","","2018-2019","Eligible for Free or Reduced-Price Meals","Percent","Suspensions","-9999"
"Barkhamsted School District","","2019-2020","Eligible for Free or Reduced-Price Meals","Percent","Suspensions","-9999"
"Berlin School District","","2009-2010","Eligible for Free or Reduced-Price Meals","Percent","Suspensions","18.1"
"Berlin School District","","2010-2011","Eligible for Free or Reduced-Price Meals","Percent","Suspensions","17.0"
"Berlin School District","","2011-2012","Eligible for Free or Reduced-Price Meals","Percent","Suspensions","15.7"
"Berlin School District","","2012-2013","Eligible for Free or Reduced-Price Meals","Percent","Suspensions","12.8"
"Berlin School District","","2013-2014","Eligible for Free or Reduced-Price Meals","Percent","Suspensions","12.5"
"Berlin School District","","2014-2015","Eligible for Free or Reduced-Price Meals","Percent","Suspensions","10.5"
"Berlin School District","","2015-2016","Eligible for Free or Reduced-Price Meals","Percent","Suspensions","7.9"
"Berlin School District","","2016-2017","Eligible for Free or Reduced-Price Meals","Percent","Suspensions","7.1"
"Berlin School District","","2017-2018","Eligible for Free or Reduced-Price Meals","Percent","Suspensions","7.7"
"Berlin School District","","2018-2019","Eligible for Free or Reduced-Price Meals","Percent","Suspensions","10.2"
"Berlin School District","","2019-2020","Eligible for Free or Reduced-Price Meals","Percent","Suspensions","6.5"
"Bethany School District","","2009-2010","Eligible for Free or Reduced-Price Meals","Percent","Suspensions","-6666"
"Bethany School District","","2010-2011","Eligible for Free or Reduced-Price Meals","Percent","Suspensions","-6666"
"Bethany School District","","2011-2012","Eligible for Free or Reduced-Price Meals","Percent","Suspensions","-6666"
"Bethany School District","","2012-2013","Eligible for Free or Reduced-Price Meals","Percent","Suspensions","-6666"
"Bethany School District","","2013-2014","Eligible for Free or Reduced-Price Meals","Percent","Suspensions","-6666"
"Bethany School District","","2014-2015","Eligible for Free or Reduced-Price Meals","Percent","Suspensions","-9999"
"Bethany School District","","2015-2016","Eligible for Free or Reduced-Price Meals","Percent","Suspensions","-9999"
"Bethany School District","","2016-2017","Eligible for Free or Reduced-Price Meals","Percent","Suspensions","-9999"
"Bethany School District","","2017-2018","Eligible for Free or Reduced-Price Meals","Percent","Suspensions","-9999"
"Bethany School District","","2018-2019","Eligible for Free or Reduced-Price Meals","Percent","Suspensions","-9999"
"Bethany School District","","2019-2020","Eligible for Free or Reduced-Price Meals","Percent","Suspensions","-6666"
"Bethel School District","900104720","2009-2010","Eligible for Free or Reduced-Price Meals","Percent","Suspensions","13.9"
"Bethel School District","900104720","2010-2011","Eligible for Free or Reduced-Price Meals","Percent","Suspensions","11.8"
"Bethel School District","900104720","2011-2012","Eligible for Free or Reduced-Price Meals","Percent","Suspensions","11.9"
"Bethel School District","900104720","2012-2013","Eligible for Free or Reduced-Price Meals","Percent","Suspensions","12.2"
"Bethel School District","900104720","2013-2014","Eligible for Free or Reduced-Price Meals","Percent","Suspensions","11.7"
"Bethel School District","900104720","2014-2015","Eligible for Free or Reduced-Price Meals","Percent","Suspensions","14.1"
"Bethel School District","900104720","2015-2016","Eligible for Free or Reduced-Price Meals","Percent","Suspensions","11.9"
"Bethel School District","900104720","2016-2017","Eligible for Free or Reduced-Price Meals","Percent","Suspensions","12.5"
"Bethel School District","900104720","2017-2018","Eligible for Free or Reduced-Price Meals","Percent","Suspensions","11.8"
"Bethel School District","900104720","2018-2019","Eligible for Free or Reduced-Price Meals","Percent","Suspensions","8.9"
"Bethel School District","900104720","2019-2020","Eligible for Free or Reduced-Price Meals","Percent","Suspensions","5.4"
"Bloomfield School District","900305910","2009-2010","Eligible for Free or Reduced-Price Meals","Percent","Suspensions","18.5"
"Bloomfield School District","900305910","2010-2011","Eligible for Free or Reduced-Price Meals","Percent","Suspensions","15.4"
"Bloomfield School District","900305910","2011-2012","Eligible for Free or Reduced-Price Meals","Percent","Suspensions","17.6"
"Bloomfield School District","900305910","2012-2013","Eligible for Free or Reduced-Price Meals","Percent","Suspensions","16.2"
"Bloomfield School District","900305910","2013-2014","Eligible for Free or Reduced-Price Meals","Percent","Suspensions","16.2"
"Bloomfield School District","900305910","2014-2015","Eligible for Free or Reduced-Price Meals","Percent","Suspensions","14.9"
"Bloomfield School District","900305910","2015-2016","Eligible for Free or Reduced-Price Meals","Percent","Suspensions","16.3"
"Bloomfield School District","900305910","2016-2017","Eligible for Free or Reduced-Price Meals","Percent","Suspensions","13.8"
"Bloomfield School District","900305910","2017-2018","Eligible for Free or Reduced-Price Meals","Percent","Suspensions","14.2"
"Bloomfield School District","900305910","2018-2019","Eligible for Free or Reduced-Price Meals","Percent","Suspensions","15.2"
"Bloomfield School District","900305910","2019-2020","Eligible for Free or Reduced-Price Meals","Percent","Suspensions","11.8"
"Bolton School District","901306260","2009-2010","Eligible for Free or Reduced-Price Meals","Percent","Suspensions","14.8"
"Bolton School District","901306260","2010-2011","Eligible for Free or Reduced-Price Meals","Percent","Suspensions","13.3"
"Bolton School District","901306260","2011-2012","Eligible for Free or Reduced-Price Meals","Percent","Suspensions","10.4"
"Bolton School District","901306260","2012-2013","Eligible for Free or Reduced-Price Meals","Percent","Suspensions","5.7"
"Bolton School District","901306260","2013-2014","Eligible for Free or Reduced-Price Meals","Percent","Suspensions","8.7"
"Bolton School District","901306260","2014-2015","Eligible for Free or Reduced-Price Meals","Percent","Suspensions","17.0"
"Bolton School District","901306260","2015-2016","Eligible for Free or Reduced-Price Meals","Percent","Suspensions","10.0"
"Bolton School District","901306260","2016-2017","Eligible for Free or Reduced-Price Meals","Percent","Suspensions","10.1"
"Bolton School District","901306260","2017-2018","Eligible for Free or Reduced-Price Meals","Percent","Suspensions","12.3"
"Bolton School District","901306260","2018-2019","Eligible for Free or Reduced-Price Meals","Percent","Suspensions","7.4"
"Bolton School District","901306260","2019-2020","Eligible for Free or Reduced-Price Meals","Percent","Suspensions","3.7"
"Booker T Washington Academy District","","2009-2010","Eligible for Free or Reduced-Price Meals","Percent","Suspensions","0"
"Booker T Washington Academy District","","2010-2011","Eligible for Free or Reduced-Price Meals","Percent","Suspensions","0"
"Booker T Washington Academy District","","2011-2012","Eligible for Free or Reduced-Price Meals","Percent","Suspensions","0"
"Booker T Washington Academy District","","2012-2013","Eligible for Free or Reduced-Price Meals","Percent","Suspensions","0"
"Booker T Washington Academy District","","2013-2014","Eligible for Free or Reduced-Price Meals","Percent","Suspensions","0"
"Booker T Washington Academy District","","2014-2015","Eligible for Free or Reduced-Price Meals","Percent","Suspensions","15.4"
"Booker T Washington Academy District","","2015-2016","Eligible for Free or Reduced-Price Meals","Percent","Suspensions","13.2"
"Booker T Washington Academy District","","2016-2017","Eligible for Free or Reduced-Price Meals","Percent","Suspensions","4.7"
"Booker T Washington Academy District","","2017-2018","Eligible for Free or Reduced-Price Meals","Percent","Suspensions","-9999"
"Booker T Washington Academy District","","2018-2019","Eligible for Free or Reduced-Price Meals","Percent","Suspensions","2.4"
"Booker T Washington Academy District","","2019-2020","Eligible for Free or Reduced-Price Meals","Percent","Suspensions","3.0"
"Bozrah School District","","2009-2010","Eligible for Free or Reduced-Price Meals","Percent","Suspensions","-6666"
"Bozrah School District","","2010-2011","Eligible for Free or Reduced-Price Meals","Percent","Suspensions","-6666"
"Bozrah School District","","2011-2012","Eligible for Free or Reduced-Price Meals","Percent","Suspensions","-6666"
"Bozrah School District","","2012-2013","Eligible for Free or Reduced-Price Meals","Percent","Suspensions","-9999"
"Bozrah School District","","2013-2014","Eligible for Free or Reduced-Price Meals","Percent","Suspensions","-9999"
"Bozrah School District","","2014-2015","Eligible for Free or Reduced-Price Meals","Percent","Suspensions","-9999"
"Bozrah School District","","2015-2016","Eligible for Free or Reduced-Price Meals","Percent","Suspensions","-9999"
"Bozrah School District","","2016-2017","Eligible for Free or Reduced-Price Meals","Percent","Suspensions","-9999"
"Bozrah School District","","2017-2018","Eligible for Free or Reduced-Price Meals","Percent","Suspensions","-9999"
"Bozrah School District","","2018-2019","Eligible for Free or Reduced-Price Meals","Percent","Suspensions","-6666"
"Bozrah School District","","2019-2020","Eligible for Free or Reduced-Price Meals","Percent","Suspensions","-9999"
"Branford School District","900907310","2009-2010","Eligible for Free or Reduced-Price Meals","Percent","Suspensions","10.3"
"Branford School District","900907310","2010-2011","Eligible for Free or Reduced-Price Meals","Percent","Suspensions","10.2"
"Branford School District","900907310","2011-2012","Eligible for Free or Reduced-Price Meals","Percent","Suspensions","9.6"
"Branford School District","900907310","2012-2013","Eligible for Free or Reduced-Price Meals","Percent","Suspensions","7.8"
"Branford School District","900907310","2013-2014","Eligible for Free or Reduced-Price Meals","Percent","Suspensions","9.5"
"Branford School District","900907310","2014-2015","Eligible for Free or Reduced-Price Meals","Percent","Suspensions","9.1"
"Branford School District","900907310","2015-2016","Eligible for Free or Reduced-Price Meals","Percent","Suspensions","10.5"
"Branford School District","900907310","2016-2017","Eligible for Free or Reduced-Price Meals","Percent","Suspensions","8.9"
"Branford School District","900907310","2017-2018","Eligible for Free or Reduced-Price Meals","Percent","Suspensions","9.0"
"Branford School District","900907310","2018-2019","Eligible for Free or Reduced-Price Meals","Percent","Suspensions","9.2"
"Branford School District","900907310","2019-2020","Eligible for Free or Reduced-Price Meals","Percent","Suspensions","5.8"
"Brass City Charter School District","","2009-2010","Eligible for Free or Reduced-Price Meals","Percent","Suspensions","0"
"Brass City Charter School District","","2010-2011","Eligible for Free or Reduced-Price Meals","Percent","Suspensions","0"
"Brass City Charter School District","","2011-2012","Eligible for Free or Reduced-Price Meals","Percent","Suspensions","0"
"Brass City Charter School District","","2012-2013","Eligible for Free or Reduced-Price Meals","Percent","Suspensions","0"
"Brass City Charter School District","","2013-2014","Eligible for Free or Reduced-Price Meals","Percent","Suspensions","-6666"
"Brass City Charter School District","","2014-2015","Eligible for Free or Reduced-Price Meals","Percent","Suspensions","5.9"
"Brass City Charter School District","","2015-2016","Eligible for Free or Reduced-Price Meals","Percent","Suspensions","6.6"
"Brass City Charter School District","","2016-2017","Eligible for Free or Reduced-Price Meals","Percent","Suspensions","-9999"
"Brass City Charter School District","","2017-2018","Eligible for Free or Reduced-Price Meals","Percent","Suspensions","-9999"
"Brass City Charter School District","","2018-2019","Eligible for Free or Reduced-Price Meals","Percent","Suspensions","5.2"
"Brass City Charter School District","","2019-2020","Eligible for Free or Reduced-Price Meals","Percent","Suspensions","4.8"
"Bridgeport School District","900108070","2009-2010","Eligible for Free or Reduced-Price Meals","Percent","Suspensions","17.1"
"Bridgeport School District","900108070","2010-2011","Eligible for Free or Reduced-Price Meals","Percent","Suspensions","17.5"
"Bridgeport School District","900108070","2011-2012","Eligible for Free or Reduced-Price Meals","Percent","Suspensions","18.3"
"Bridgeport School District","900108070","2012-2013","Eligible for Free or Reduced-Price Meals","Percent","Suspensions","16.6"
"Bridgeport School District","900108070","2013-2014","Eligible for Free or Reduced-Price Meals","Percent","Suspensions","15.9"
"Bridgeport School District","900108070","2014-2015","Eligible for Free or Reduced-Price Meals","Percent","Suspensions","15.8"
"Bridgeport School District","900108070","2015-2016","Eligible for Free or Reduced-Price Meals","Percent","Suspensions","15.3"
"Bridgeport School District","900108070","2016-2017","Eligible for Free or Reduced-Price Meals","Percent","Suspensions","14.5"
"Bridgeport School District","900108070","2017-2018","Eligible for Free or Reduced-Price Meals","Percent","Suspensions","14.8"
"Bridgeport School District","900108070","2018-2019","Eligible for Free or Reduced-Price Meals","Percent","Suspensions","13.3"
"Bridgeport School District","900108070","2019-2020","Eligible for Free or Reduced-Price Meals","Percent","Suspensions","10.4"
"Bristol School District","900308490","2009-2010","Eligible for Free or Reduced-Price Meals","Percent","Suspensions","12.2"
"Bristol School District","900308490","2010-2011","Eligible for Free or Reduced-Price Meals","Percent","Suspensions","14.5"
"Bristol School District","900308490","2011-2012","Eligible for Free or Reduced-Price Meals","Percent","Suspensions","12.8"
"Bristol School District","900308490","2012-2013","Eligible for Free or Reduced-Price Meals","Percent","Suspensions","12.5"
"Bristol School District","900308490","2013-2014","Eligible for Free or Reduced-Price Meals","Percent","Suspensions","13.6"
"Bristol School District","900308490","2014-2015","Eligible for Free or Reduced-Price Meals","Percent","Suspensions","13.8"
"Bristol School District","900308490","2015-2016","Eligible for Free or Reduced-Price Meals","Percent","Suspensions","13.2"
"Bristol School District","900308490","2016-2017","Eligible for Free or Reduced-Price Meals","Percent","Suspensions","11.1"
"Bristol School District","900308490","2017-2018","Eligible for Free or Reduced-Price Meals","Percent","Suspensions","11.1"
"Bristol School District","900308490","2018-2019","Eligible for Free or Reduced-Price Meals","Percent","Suspensions","12.5"
"Bristol School District","900308490","2019-2020","Eligible for Free or Reduced-Price Meals","Percent","Suspensions","8.3"
"Brookfield School District","900108980","2009-2010","Eligible for Free or Reduced-Price Meals","Percent","Suspensions","4.3"
"Brookfield School District","900108980","2010-2011","Eligible for Free or Reduced-Price Meals","Percent","Suspensions","6.6"
"Brookfield School District","900108980","2011-2012","Eligible for Free or Reduced-Price Meals","Percent","Suspensions","5.9"
"Brookfield School District","900108980","2012-2013","Eligible for Free or Reduced-Price Meals","Percent","Suspensions","7.3"
"Brookfield School District","900108980","2013-2014","Eligible for Free or Reduced-Price Meals","Percent","Suspensions","6.9"
"Brookfield School District","900108980","2014-2015","Eligible for Free or Reduced-Price Meals","Percent","Suspensions","8.0"
"Brookfield School District","900108980","2015-2016","Eligible for Free or Reduced-Price Meals","Percent","Suspensions","4.3"
"Brookfield School District","900108980","2016-2017","Eligible for Free or Reduced-Price Meals","Percent","Suspensions","8.7"
"Brookfield School District","900108980","2017-2018","Eligible for Free or Reduced-Price Meals","Percent","Suspensions","7.3"
"Brookfield School District","900108980","2018-2019","Eligible for Free or Reduced-Price Meals","Percent","Suspensions","7.0"
"Brookfield School District","900108980","2019-2020","Eligible for Free or Reduced-Price Meals","Percent","Suspensions","6.0"
"Brooklyn School District","","2009-2010","Eligible for Free or Reduced-Price Meals","Percent","Suspensions","6.6"
"Brooklyn School District","","2010-2011","Eligible for Free or Reduced-Price Meals","Percent","Suspensions","8.4"
"Brooklyn School District","","2011-2012","Eligible for Free or Reduced-Price Meals","Percent","Suspensions","12.4"
"Brooklyn School District","","2012-2013","Eligible for Free or Reduced-Price Meals","Percent","Suspensions","7.7"
"Brooklyn School District","","2013-2014","Eligible for Free or Reduced-Price Meals","Percent","Suspensions","7.5"
"Brooklyn School District","","2014-2015","Eligible for Free or Reduced-Price Meals","Percent","Suspensions","6.7"
"Brooklyn School District","","2015-2016","Eligible for Free or Reduced-Price Meals","Percent","Suspensions","11.7"
"Brooklyn School District","","2016-2017","Eligible for Free or Reduced-Price Meals","Percent","Suspensions","9.8"
"Brooklyn School District","","2017-2018","Eligible for Free or Reduced-Price Meals","Percent","Suspensions","8.8"
"Brooklyn School District","","2018-2019","Eligible for Free or Reduced-Price Meals","Percent","Suspensions","4.0"
"Brooklyn School District","","2019-2020","Eligible for Free or Reduced-Price Meals","Percent","Suspensions","4.6"
"Canaan School District","","2009-2010","Eligible for Free or Reduced-Price Meals","Percent","Suspensions","-9999"
"Canaan School District","","2010-2011","Eligible for Free or Reduced-Price Meals","Percent","Suspensions","-9999"
"Canaan School District","","2011-2012","Eligible for Free or Reduced-Price Meals","Percent","Suspensions","-9999"
"Canaan School District","","2012-2013","Eligible for Free or Reduced-Price Meals","Percent","Suspensions","-9999"
"Canaan School District","","2013-2014","Eligible for Free or Reduced-Price Meals","Percent","Suspensions","-9999"
"Canaan School District","","2014-2015","Eligible for Free or Reduced-Price Meals","Percent","Suspensions","-9999"
"Canaan School District","","2015-2016","Eligible for Free or Reduced-Price Meals","Percent","Suspensions","-9999"
"Canaan School District","","2016-2017","Eligible for Free or Reduced-Price Meals","Percent","Suspensions","-9999"
"Canaan School District","","2017-2018","Eligible for Free or Reduced-Price Meals","Percent","Suspensions","-9999"
"Canaan School District","","2018-2019","Eligible for Free or Reduced-Price Meals","Percent","Suspensions","-6666"
"Canaan School District","","2019-2020","Eligible for Free or Reduced-Price Meals","Percent","Suspensions","-6666"
"Canterbury School District","","2009-2010","Eligible for Free or Reduced-Price Meals","Percent","Suspensions","9.1"
"Canterbury School District","","2010-2011","Eligible for Free or Reduced-Price Meals","Percent","Suspensions","7.4"
"Canterbury School District","","2011-2012","Eligible for Free or Reduced-Price Meals","Percent","Suspensions","7.9"
"Canterbury School District","","2012-2013","Eligible for Free or Reduced-Price Meals","Percent","Suspensions","6.6"
"Canterbury School District","","2013-2014","Eligible for Free or Reduced-Price Meals","Percent","Suspensions","-9999"
"Canterbury School District","","2014-2015","Eligible for Free or Reduced-Price Meals","Percent","Suspensions","6.1"
"Canterbury School District","","2015-2016","Eligible for Free or Reduced-Price Meals","Percent","Suspensions","-9999"
"Canterbury School District","","2016-2017","Eligible for Free or Reduced-Price Meals","Percent","Suspensions","-9999"
"Canterbury School District","","2017-2018","Eligible for Free or Reduced-Price Meals","Percent","Suspensions","-9999"
"Canterbury School District","","2018-2019","Eligible for Free or Reduced-Price Meals","Percent","Suspensions","-6666"
"Canterbury School District","","2019-2020","Eligible for Free or Reduced-Price Meals","Percent","Suspensions","-9999"
"Canton School District","900312270","2009-2010","Eligible for Free or Reduced-Price Meals","Percent","Suspensions","6.8"
"Canton School District","900312270","2010-2011","Eligible for Free or Reduced-Price Meals","Percent","Suspensions","8.3"
"Canton School District","900312270","2011-2012","Eligible for Free or Reduced-Price Meals","Percent","Suspensions","9.1"
"Canton School District","900312270","2012-2013","Eligible for Free or Reduced-Price Meals","Percent","Suspensions","5.9"
"Canton School District","900312270","2013-2014","Eligible for Free or Reduced-Price Meals","Percent","Suspensions","6.5"
"Canton School District","900312270","2014-2015","Eligible for Free or Reduced-Price Meals","Percent","Suspensions","4.6"
"Canton School District","900312270","2015-2016","Eligible for Free or Reduced-Price Meals","Percent","Suspensions","8.0"
"Canton School District","900312270","2016-2017","Eligible for Free or Reduced-Price Meals","Percent","Suspensions","13.8"
"Canton School District","900312270","2017-2018","Eligible for Free or Reduced-Price Meals","Percent","Suspensions","4.4"
"Canton School District","900312270","2018-2019","Eligible for Free or Reduced-Price Meals","Percent","Suspensions","7.1"
"Canton School District","900312270","2019-2020","Eligible for Free or Reduced-Price Meals","Percent","Suspensions","3.4"
"Capital Preparatory Harbor School Inc. District","","2009-2010","Eligible for Free or Reduced-Price Meals","Percent","Suspensions","0"
"Capital Preparatory Harbor School Inc. District","","2010-2011","Eligible for Free or Reduced-Price Meals","Percent","Suspensions","0"
"Capital Preparatory Harbor School Inc. District","","2011-2012","Eligible for Free or Reduced-Price Meals","Percent","Suspensions","0"
"Capital Preparatory Harbor School Inc. District","","2012-2013","Eligible for Free or Reduced-Price Meals","Percent","Suspensions","0"
"Capital Preparatory Harbor School Inc. District","","2013-2014","Eligible for Free or Reduced-Price Meals","Percent","Suspensions","0"
"Capital Preparatory Harbor School Inc. District","","2014-2015","Eligible for Free or Reduced-Price Meals","Percent","Suspensions","0"
"Capital Preparatory Harbor School Inc. District","","2015-2016","Eligible for Free or Reduced-Price Meals","Percent","Suspensions","28.5"
"Capital Preparatory Harbor School Inc. District","","2016-2017","Eligible for Free or Reduced-Price Meals","Percent","Suspensions","26.1"
"Capital Preparatory Harbor School Inc. District","","2017-2018","Eligible for Free or Reduced-Price Meals","Percent","Suspensions","17.0"
"Capital Preparatory Harbor School Inc. District","","2018-2019","Eligible for Free or Reduced-Price Meals","Percent","Suspensions","11.6"
"Capital Preparatory Harbor School Inc. District","","2019-2020","Eligible for Free or Reduced-Price Meals","Percent","Suspensions","9.4"
"Capitol Region Education Council","","2009-2010","Eligible for Free or Reduced-Price Meals","Percent","Suspensions","19.9"
"Capitol Region Education Council","","2010-2011","Eligible for Free or Reduced-Price Meals","Percent","Suspensions","16.8"
"Capitol Region Education Council","","2011-2012","Eligible for Free or Reduced-Price Meals","Percent","Suspensions","9.3"
"Capitol Region Education Council","","2012-2013","Eligible for Free or Reduced-Price Meals","Percent","Suspensions","13.6"
"Capitol Region Education Council","","2013-2014","Eligible for Free or Reduced-Price Meals","Percent","Suspensions","13.5"
"Capitol Region Education Council","","2014-2015","Eligible for Free or Reduced-Price Meals","Percent","Suspensions","12.9"
"Capitol Region Education Council","","2015-2016","Eligible for Free or Reduced-Price Meals","Percent","Suspensions","14.4"
"Capitol Region Education Council","","2016-2017","Eligible for Free or Reduced-Price Meals","Percent","Suspensions","13.9"
"Capitol Region Education Council","","2017-2018","Eligible for Free or Reduced-Price Meals","Percent","Suspensions","11.9"
"Capitol Region Education Council","","2018-2019","Eligible for Free or Reduced-Price Meals","Percent","Suspensions","10.6"
"Capitol Region Education Council","","2019-2020","Eligible for Free or Reduced-Price Meals","Percent","Suspensions","7.7"
"Chaplin School District","","2009-2010","Eligible for Free or Reduced-Price Meals","Percent","Suspensions","-6666"
"Chaplin School District","","2010-2011","Eligible for Free or Reduced-Price Meals","Percent","Suspensions","-9999"
"Chaplin School District","","2011-2012","Eligible for Free or Reduced-Price Meals","Percent","Suspensions","-9999"
"Chaplin School District","","2012-2013","Eligible for Free or Reduced-Price Meals","Percent","Suspensions","-9999"
"Chaplin School District","","2013-2014","Eligible for Free or Reduced-Price Meals","Percent","Suspensions","-9999"
"Chaplin School District","","2014-2015","Eligible for Free or Reduced-Price Meals","Percent","Suspensions","-6666"
"Chaplin School District","","2015-2016","Eligible for Free or Reduced-Price Meals","Percent","Suspensions","-6666"
"Chaplin School District","","2016-2017","Eligible for Free or Reduced-Price Meals","Percent","Suspensions","-9999"
"Chaplin School District","","2017-2018","Eligible for Free or Reduced-Price Meals","Percent","Suspensions","-6666"
"Chaplin School District","","2018-2019","Eligible for Free or Reduced-Price Meals","Percent","Suspensions","-6666"
"Chaplin School District","","2019-2020","Eligible for Free or Reduced-Price Meals","Percent","Suspensions","-6666"
"Charter School for Young Children on Asylum Hill","","2009-2010","Eligible for Free or Reduced-Price Meals","Percent","Suspensions","-6666"
"Charter School for Young Children on Asylum Hill","","2010-2011","Eligible for Free or Reduced-Price Meals","Percent","Suspensions","-6666"
"Charter School for Young Children on Asylum Hill","","2011-2012","Eligible for Free or Reduced-Price Meals","Percent","Suspensions","0"
"Charter School for Young Children on Asylum Hill","","2012-2013","Eligible for Free or Reduced-Price Meals","Percent","Suspensions","0"
"Charter School for Young Children on Asylum Hill","","2013-2014","Eligible for Free or Reduced-Price Meals","Percent","Suspensions","0"
"Charter School for Young Children on Asylum Hill","","2014-2015","Eligible for Free or Reduced-Price Meals","Percent","Suspensions","0"
"Charter School for Young Children on Asylum Hill","","2015-2016","Eligible for Free or Reduced-Price Meals","Percent","Suspensions","0"
"Charter School for Young Children on Asylum Hill","","2016-2017","Eligible for Free or Reduced-Price Meals","Percent","Suspensions","0"
"Charter School for Young Children on Asylum Hill","","2017-2018","Eligible for Free or Reduced-Price Meals","Percent","Suspensions","0"
"Charter School for Young Children on Asylum Hill","","2018-2019","Eligible for Free or Reduced-Price Meals","Percent","Suspensions","0"
"Charter School for Young Children on Asylum Hill","","2019-2020","Eligible for Free or Reduced-Price Meals","Percent","Suspensions","0"
"Cheshire School District","900914160","2009-2010","Eligible for Free or Reduced-Price Meals","Percent","Suspensions","7.7"
"Cheshire School District","900914160","2010-2011","Eligible for Free or Reduced-Price Meals","Percent","Suspensions","6.5"
"Cheshire School District","900914160","2011-2012","Eligible for Free or Reduced-Price Meals","Percent","Suspensions","9.6"
"Cheshire School District","900914160","2012-2013","Eligible for Free or Reduced-Price Meals","Percent","Suspensions","7.0"
"Cheshire School District","900914160","2013-2014","Eligible for Free or Reduced-Price Meals","Percent","Suspensions","8.6"
"Cheshire School District","900914160","2014-2015","Eligible for Free or Reduced-Price Meals","Percent","Suspensions","8.0"
"Cheshire School District","900914160","2015-2016","Eligible for Free or Reduced-Price Meals","Percent","Suspensions","7.1"
"Cheshire School District","900914160","2016-2017","Eligible for Free or Reduced-Price Meals","Percent","Suspensions","7.7"
"Cheshire School District","900914160","2017-2018","Eligible for Free or Reduced-Price Meals","Percent","Suspensions","7.6"
"Cheshire School District","900914160","2018-2019","Eligible for Free or Reduced-Price Meals","Percent","Suspensions","5.5"
"Cheshire School District","900914160","2019-2020","Eligible for Free or Reduced-Price Meals","Percent","Suspensions","4.2"
"Chester School District","","2009-2010","Eligible for Free or Reduced-Price Meals","Percent","Suspensions","-6666"
"Chester School District","","2010-2011","Eligible for Free or Reduced-Price Meals","Percent","Suspensions","-6666"
"Chester School District","","2011-2012","Eligible for Free or Reduced-Price Meals","Percent","Suspensions","-9999"
"Chester School District","","2012-2013","Eligible for Free or Reduced-Price Meals","Percent","Suspensions","-6666"
"Chester School District","","2013-2014","Eligible for Free or Reduced-Price Meals","Percent","Suspensions","-6666"
"Chester School District","","2014-2015","Eligible for Free or Reduced-Price Meals","Percent","Suspensions","-9999"
"Chester School District","","2015-2016","Eligible for Free or Reduced-Price Meals","Percent","Suspensions","-6666"
"Chester School District","","2016-2017","Eligible for Free or Reduced-Price Meals","Percent","Suspensions","-9999"
"Chester School District","","2017-2018","Eligible for Free or Reduced-Price Meals","Percent","Suspensions","-9999"
"Chester School District","","2018-2019","Eligible for Free or Reduced-Price Meals","Percent","Suspensions","-9999"
"Chester School District","","2019-2020","Eligible for Free or Reduced-Price Meals","Percent","Suspensions","-6666"
"Clinton School District","900715350","2009-2010","Eligible for Free or Reduced-Price Meals","Percent","Suspensions","9.7"
"Clinton School District","900715350","2010-2011","Eligible for Free or Reduced-Price Meals","Percent","Suspensions","9.0"
"Clinton School District","900715350","2011-2012","Eligible for Free or Reduced-Price Meals","Percent","Suspensions","8.4"
"Clinton School District","900715350","2012-2013","Eligible for Free or Reduced-Price Meals","Percent","Suspensions","10.4"
"Clinton School District","900715350","2013-2014","Eligible for Free or Reduced-Price Meals","Percent","Suspensions","10.3"
"Clinton School District","900715350","2014-2015","Eligible for Free or Reduced-Price Meals","Percent","Suspensions","7.8"
"Clinton School District","900715350","2015-2016","Eligible for Free or Reduced-Price Meals","Percent","Suspensions","5.5"
"Clinton School District","900715350","2016-2017","Eligible for Free or Reduced-Price Meals","Percent","Suspensions","7.7"
"Clinton School District","900715350","2017-2018","Eligible for Free or Reduced-Price Meals","Percent","Suspensions","8.5"
"Clinton School District","900715350","2018-2019","Eligible for Free or Reduced-Price Meals","Percent","Suspensions","6.0"
"Clinton School District","900715350","2019-2020","Eligible for Free or Reduced-Price Meals","Percent","Suspensions","6.4"
"Colchester School District","901115910","2009-2010","Eligible for Free or Reduced-Price Meals","Percent","Suspensions","12.5"
"Colchester School District","901115910","2010-2011","Eligible for Free or Reduced-Price Meals","Percent","Suspensions","9.5"
"Colchester School District","901115910","2011-2012","Eligible for Free or Reduced-Price Meals","Percent","Suspensions","7.8"
"Colchester School District","901115910","2012-2013","Eligible for Free or Reduced-Price Meals","Percent","Suspensions","10.2"
"Colchester School District","901115910","2013-2014","Eligible for Free or Reduced-Price Meals","Percent","Suspensions","7.3"
"Colchester School District","901115910","2014-2015","Eligible for Free or Reduced-Price Meals","Percent","Suspensions","9.2"
"Colchester School District","901115910","2015-2016","Eligible for Free or Reduced-Price Meals","Percent","Suspensions","7.0"
"Colchester School District","901115910","2016-2017","Eligible for Free or Reduced-Price Meals","Percent","Suspensions","8.6"
"Colchester School District","901115910","2017-2018","Eligible for Free or Reduced-Price Meals","Percent","Suspensions","6.0"
"Colchester School District","901115910","2018-2019","Eligible for Free or Reduced-Price Meals","Percent","Suspensions","8.3"
"Colchester School District","901115910","2019-2020","Eligible for Free or Reduced-Price Meals","Percent","Suspensions","7.7"
"Colebrook School District","","2009-2010","Eligible for Free or Reduced-Price Meals","Percent","Suspensions","-9999"
"Colebrook School District","","2010-2011","Eligible for Free or Reduced-Price Meals","Percent","Suspensions","-9999"
"Colebrook School District","","2011-2012","Eligible for Free or Reduced-Price Meals","Percent","Suspensions","-9999"
"Colebrook School District","","2012-2013","Eligible for Free or Reduced-Price Meals","Percent","Suspensions","-9999"
"Colebrook School District","","2013-2014","Eligible for Free or Reduced-Price Meals","Percent","Suspensions","-9999"
"Colebrook School District","","2014-2015","Eligible for Free or Reduced-Price Meals","Percent","Suspensions","-9999"
"Colebrook School District","","2015-2016","Eligible for Free or Reduced-Price Meals","Percent","Suspensions","-9999"
"Colebrook School District","","2016-2017","Eligible for Free or Reduced-Price Meals","Percent","Suspensions","-9999"
"Colebrook School District","","2017-2018","Eligible for Free or Reduced-Price Meals","Percent","Suspensions","-9999"
"Colebrook School District","","2018-2019","Eligible for Free or Reduced-Price Meals","Percent","Suspensions","-9999"
"Colebrook School District","","2019-2020","Eligible for Free or Reduced-Price Meals","Percent","Suspensions","-9999"
"Columbia School District","","2009-2010","Eligible for Free or Reduced-Price Meals","Percent","Suspensions","-9999"
"Columbia School District","","2010-2011","Eligible for Free or Reduced-Price Meals","Percent","Suspensions","-9999"
"Columbia School District","","2011-2012","Eligible for Free or Reduced-Price Meals","Percent","Suspensions","7.6"
"Columbia School District","","2012-2013","Eligible for Free or Reduced-Price Meals","Percent","Suspensions","-9999"
"Columbia School District","","2013-2014","Eligible for Free or Reduced-Price Meals","Percent","Suspensions","-9999"
"Columbia School District","","2014-2015","Eligible for Free or Reduced-Price Meals","Percent","Suspensions","9.3"
"Columbia School District","","2015-2016","Eligible for Free or Reduced-Price Meals","Percent","Suspensions","-9999"
"Columbia School District","","2016-2017","Eligible for Free or Reduced-Price Meals","Percent","Suspensions","-9999"
"Columbia School District","","2017-2018","Eligible for Free or Reduced-Price Meals","Percent","Suspensions","-9999"
"Columbia School District","","2018-2019","Eligible for Free or Reduced-Price Meals","Percent","Suspensions","-9999"
"Columbia School District","","2019-2020","Eligible for Free or Reduced-Price Meals","Percent","Suspensions","-9999"
"Common Ground High School District","","2009-2010","Eligible for Free or Reduced-Price Meals","Percent","Suspensions","14.3"
"Common Ground High School District","","2010-2011","Eligible for Free or Reduced-Price Meals","Percent","Suspensions","11.5"
"Common Ground High School District","","2011-2012","Eligible for Free or Reduced-Price Meals","Percent","Suspensions","14.7"
"Common Ground High School District","","2012-2013","Eligible for Free or Reduced-Price Meals","Percent","Suspensions","-9999"
"Common Ground High School District","","2013-2014","Eligible for Free or Reduced-Price Meals","Percent","Suspensions","14.7"
"Common Ground High School District","","2014-2015","Eligible for Free or Reduced-Price Meals","Percent","Suspensions","14.1"
"Common Ground High School District","","2015-2016","Eligible for Free or Reduced-Price Meals","Percent","Suspensions","9.2"
"Common Ground High School District","","2016-2017","Eligible for Free or Reduced-Price Meals","Percent","Suspensions","11.9"
"Common Ground High School District","","2017-2018","Eligible for Free or Reduced-Price Meals","Percent","Suspensions","11.1"
"Common Ground High School District","","2018-2019","Eligible for Free or Reduced-Price Meals","Percent","Suspensions","8.3"
"Common Ground High School District","","2019-2020","Eligible for Free or Reduced-Price Meals","Percent","Suspensions","7.3"
"Connecticut","9","2009-2010","Eligible for Free or Reduced-Price Meals","Percent","Suspensions","16.6"
"Connecticut","9","2010-2011","Eligible for Free or Reduced-Price Meals","Percent","Suspensions","15.4"
"Connecticut","9","2011-2012","Eligible for Free or Reduced-Price Meals","Percent","Suspensions","15.4"
"Connecticut","9","2012-2013","Eligible for Free or Reduced-Price Meals","Percent","Suspensions","14.2"
"Connecticut","9","2013-2014","Eligible for Free or Reduced-Price Meals","Percent","Suspensions","13.6"
"Connecticut","9","2014-2015","Eligible for Free or Reduced-Price Meals","Percent","Suspensions","13"
"Connecticut","9","2015-2016","Eligible for Free or Reduced-Price Meals","Percent","Suspensions","12.4"
"Connecticut","9","2016-2017","Eligible for Free or Reduced-Price Meals","Percent","Suspensions","11.7"
"Connecticut","9","2017-2018","Eligible for Free or Reduced-Price Meals","Percent","Suspensions","11"
"Connecticut","9","2018-2019","Eligible for Free or Reduced-Price Meals","Percent","Suspensions","10.7"
"Connecticut","9","2019-2020","Eligible for Free or Reduced-Price Meals","Percent","Suspensions","7.9"
"Connecticut Technical High School System","","2009-2010","Eligible for Free or Reduced-Price Meals","Percent","Suspensions","28.2"
"Connecticut Technical High School System","","2010-2011","Eligible for Free or Reduced-Price Meals","Percent","Suspensions","28.1"
"Connecticut Technical High School System","","2011-2012","Eligible for Free or Reduced-Price Meals","Percent","Suspensions","27.7"
"Connecticut Technical High School System","","2012-2013","Eligible for Free or Reduced-Price Meals","Percent","Suspensions","22.3"
"Connecticut Technical High School System","","2013-2014","Eligible for Free or Reduced-Price Meals","Percent","Suspensions","18.2"
"Connecticut Technical High School System","","2014-2015","Eligible for Free or Reduced-Price Meals","Percent","Suspensions","17.4"
"Connecticut Technical High School System","","2015-2016","Eligible for Free or Reduced-Price Meals","Percent","Suspensions","16.6"
"Connecticut Technical High School System","","2016-2017","Eligible for Free or Reduced-Price Meals","Percent","Suspensions","14.4"
"Connecticut Technical High School System","","2017-2018","Eligible for Free or Reduced-Price Meals","Percent","Suspensions","17.8"
"Connecticut Technical High School System","","2018-2019","Eligible for Free or Reduced-Price Meals","Percent","Suspensions","16.6"
"Connecticut Technical High School System","","2019-2020","Eligible for Free or Reduced-Price Meals","Percent","Suspensions","12.2"
"Cooperative Educational Services","","2009-2010","Eligible for Free or Reduced-Price Meals","Percent","Suspensions","14.7"
"Cooperative Educational Services","","2010-2011","Eligible for Free or Reduced-Price Meals","Percent","Suspensions","12.5"
"Cooperative Educational Services","","2011-2012","Eligible for Free or Reduced-Price Meals","Percent","Suspensions","12.2"
"Cooperative Educational Services","","2012-2013","Eligible for Free or Reduced-Price Meals","Percent","Suspensions","8.7"
"Cooperative Educational Services","","2013-2014","Eligible for Free or Reduced-Price Meals","Percent","Suspensions","9.3"
"Cooperative Educational Services","","2014-2015","Eligible for Free or Reduced-Price Meals","Percent","Suspensions","10.6"
"Cooperative Educational Services","","2015-2016","Eligible for Free or Reduced-Price Meals","Percent","Suspensions","8.5"
"Cooperative Educational Services","","2016-2017","Eligible for Free or Reduced-Price Meals","Percent","Suspensions","7.7"
"Cooperative Educational Services","","2017-2018","Eligible for Free or Reduced-Price Meals","Percent","Suspensions","3.9"
"Cooperative Educational Services","","2018-2019","Eligible for Free or Reduced-Price Meals","Percent","Suspensions","4.8"
"Cooperative Educational Services","","2019-2020","Eligible for Free or Reduced-Price Meals","Percent","Suspensions","6.0"
"Cornwall School District","","2009-2010","Eligible for Free or Reduced-Price Meals","Percent","Suspensions","-9999"
"Cornwall School District","","2010-2011","Eligible for Free or Reduced-Price Meals","Percent","Suspensions","-9999"
"Cornwall School District","","2011-2012","Eligible for Free or Reduced-Price Meals","Percent","Suspensions","-6666"
"Cornwall School District","","2012-2013","Eligible for Free or Reduced-Price Meals","Percent","Suspensions","-6666"
"Cornwall School District","","2013-2014","Eligible for Free or Reduced-Price Meals","Percent","Suspensions","-6666"
"Cornwall School District","","2014-2015","Eligible for Free or Reduced-Price Meals","Percent","Suspensions","-9999"
"Cornwall School District","","2015-2016","Eligible for Free or Reduced-Price Meals","Percent","Suspensions","-9999"
"Cornwall School District","","2016-2017","Eligible for Free or Reduced-Price Meals","Percent","Suspensions","-9999"
"Cornwall School District","","2017-2018","Eligible for Free or Reduced-Price Meals","Percent","Suspensions","-9999"
"Cornwall School District","","2018-2019","Eligible for Free or Reduced-Price Meals","Percent","Suspensions","-9999"
"Cornwall School District","","2019-2020","Eligible for Free or Reduced-Price Meals","Percent","Suspensions","-9999"
"Coventry School District","","2009-2010","Eligible for Free or Reduced-Price Meals","Percent","Suspensions","17.5"
"Coventry School District","","2010-2011","Eligible for Free or Reduced-Price Meals","Percent","Suspensions","19.0"
"Coventry School District","","2011-2012","Eligible for Free or Reduced-Price Meals","Percent","Suspensions","14.7"
"Coventry School District","","2012-2013","Eligible for Free or Reduced-Price Meals","Percent","Suspensions","8.7"
"Coventry School District","","2013-2014","Eligible for Free or Reduced-Price Meals","Percent","Suspensions","10.9"
"Coventry School District","","2014-2015","Eligible for Free or Reduced-Price Meals","Percent","Suspensions","8.7"
"Coventry School District","","2015-2016","Eligible for Free or Reduced-Price Meals","Percent","Suspensions","7.7"
"Coventry School District","","2016-2017","Eligible for Free or Reduced-Price Meals","Percent","Suspensions","3.9"
"Coventry School District","","2017-2018","Eligible for Free or Reduced-Price Meals","Percent","Suspensions","3.1"
"Coventry School District","","2018-2019","Eligible for Free or Reduced-Price Meals","Percent","Suspensions","4.5"
"Coventry School District","","2019-2020","Eligible for Free or Reduced-Price Meals","Percent","Suspensions","4.6"
"Cromwell School District","","2009-2010","Eligible for Free or Reduced-Price Meals","Percent","Suspensions","17.6"
"Cromwell School District","","2010-2011","Eligible for Free or Reduced-Price Meals","Percent","Suspensions","16.0"
"Cromwell School District","","2011-2012","Eligible for Free or Reduced-Price Meals","Percent","Suspensions","18.8"
"Cromwell School District","","2012-2013","Eligible for Free or Reduced-Price Meals","Percent","Suspensions","13.8"
"Cromwell School District","","2013-2014","Eligible for Free or Reduced-Price Meals","Percent","Suspensions","17.2"
"Cromwell School District","","2014-2015","Eligible for Free or Reduced-Price Meals","Percent","Suspensions","13.5"
"Cromwell School District","","2015-2016","Eligible for Free or Reduced-Price Meals","Percent","Suspensions","13.1"
"Cromwell School District","","2016-2017","Eligible for Free or Reduced-Price Meals","Percent","Suspensions","10.7"
"Cromwell School District","","2017-2018","Eligible for Free or Reduced-Price Meals","Percent","Suspensions","13.0"
"Cromwell School District","","2018-2019","Eligible for Free or Reduced-Price Meals","Percent","Suspensions","11.7"
"Cromwell School District","","2019-2020","Eligible for Free or Reduced-Price Meals","Percent","Suspensions","8.3"
"Danbury School District","900118500","2009-2010","Eligible for Free or Reduced-Price Meals","Percent","Suspensions","13.9"
"Danbury School District","900118500","2010-2011","Eligible for Free or Reduced-Price Meals","Percent","Suspensions","14.8"
"Danbury School District","900118500","2011-2012","Eligible for Free or Reduced-Price Meals","Percent","Suspensions","13.0"
"Danbury School District","900118500","2012-2013","Eligible for Free or Reduced-Price Meals","Percent","Suspensions","13.0"
"Danbury School District","900118500","2013-2014","Eligible for Free or Reduced-Price Meals","Percent","Suspensions","10.8"
"Danbury School District","900118500","2014-2015","Eligible for Free or Reduced-Price Meals","Percent","Suspensions","11.6"
"Danbury School District","900118500","2015-2016","Eligible for Free or Reduced-Price Meals","Percent","Suspensions","8.5"
"Danbury School District","900118500","2016-2017","Eligible for Free or Reduced-Price Meals","Percent","Suspensions","9.3"
"Danbury School District","900118500","2017-2018","Eligible for Free or Reduced-Price Meals","Percent","Suspensions","8.8"
"Danbury School District","900118500","2018-2019","Eligible for Free or Reduced-Price Meals","Percent","Suspensions","7.9"
"Danbury School District","900118500","2019-2020","Eligible for Free or Reduced-Price Meals","Percent","Suspensions","6.7"
"Darien School District","900118850","2009-2010","Eligible for Free or Reduced-Price Meals","Percent","Suspensions","9.2"
"Darien School District","900118850","2010-2011","Eligible for Free or Reduced-Price Meals","Percent","Suspensions","-9999"
"Darien School District","900118850","2011-2012","Eligible for Free or Reduced-Price Meals","Percent","Suspensions","-6666"
"Darien School District","900118850","2012-2013","Eligible for Free or Reduced-Price Meals","Percent","Suspensions","-6666"
"Darien School District","900118850","2013-2014","Eligible for Free or Reduced-Price Meals","Percent","Suspensions","-9999"
"Darien School District","900118850","2014-2015","Eligible for Free or Reduced-Price Meals","Percent","Suspensions","-9999"
"Darien School District","900118850","2015-2016","Eligible for Free or Reduced-Price Meals","Percent","Suspensions","-9999"
"Darien School District","900118850","2016-2017","Eligible for Free or Reduced-Price Meals","Percent","Suspensions","-9999"
"Darien School District","900118850","2017-2018","Eligible for Free or Reduced-Price Meals","Percent","Suspensions","-9999"
"Darien School District","900118850","2018-2019","Eligible for Free or Reduced-Price Meals","Percent","Suspensions","-9999"
"Darien School District","900118850","2019-2020","Eligible for Free or Reduced-Price Meals","Percent","Suspensions","-9999"
"Deep River School District","","2009-2010","Eligible for Free or Reduced-Price Meals","Percent","Suspensions","-6666"
"Deep River School District","","2010-2011","Eligible for Free or Reduced-Price Meals","Percent","Suspensions","-9999"
"Deep River School District","","2011-2012","Eligible for Free or Reduced-Price Meals","Percent","Suspensions","-6666"
"Deep River School District","","2012-2013","Eligible for Free or Reduced-Price Meals","Percent","Suspensions","-9999"
"Deep River School District","","2013-2014","Eligible for Free or Reduced-Price Meals","Percent","Suspensions","-9999"
"Deep River School District","","2014-2015","Eligible for Free or Reduced-Price Meals","Percent","Suspensions","-9999"
"Deep River School District","","2015-2016","Eligible for Free or Reduced-Price Meals","Percent","Suspensions","-9999"
"Deep River School District","","2016-2017","Eligible for Free or Reduced-Price Meals","Percent","Suspensions","-9999"
"Deep River School District","","2017-2018","Eligible for Free or Reduced-Price Meals","Percent","Suspensions","-9999"
"Deep River School District","","2018-2019","Eligible for Free or Reduced-Price Meals","Percent","Suspensions","-9999"
"Deep River School District","","2019-2020","Eligible for Free or Reduced-Price Meals","Percent","Suspensions","-6666"
"Department of Mental Health and Addiction Services","","2009-2010","Eligible for Free or Reduced-Price Meals","Percent","Suspensions","0"
"Department of Mental Health and Addiction Services","","2010-2011","Eligible for Free or Reduced-Price Meals","Percent","Suspensions","0"
"Department of Mental Health and Addiction Services","","2011-2012","Eligible for Free or Reduced-Price Meals","Percent","Suspensions","-9999"
"Department of Mental Health and Addiction Services","","2012-2013","Eligible for Free or Reduced-Price Meals","Percent","Suspensions","-9999"
"Department of Mental Health and Addiction Services","","2013-2014","Eligible for Free or Reduced-Price Meals","Percent","Suspensions","-9999"
"Department of Mental Health and Addiction Services","","2014-2015","Eligible for Free or Reduced-Price Meals","Percent","Suspensions","-9999"
"Department of Mental Health and Addiction Services","","2015-2016","Eligible for Free or Reduced-Price Meals","Percent","Suspensions","-9999"
"Department of Mental Health and Addiction Services","","2016-2017","Eligible for Free or Reduced-Price Meals","Percent","Suspensions","-9999"
"Department of Mental Health and Addiction Services","","2017-2018","Eligible for Free or Reduced-Price Meals","Percent","Suspensions","-9999"
"Department of Mental Health and Addiction Services","","2018-2019","Eligible for Free or Reduced-Price Meals","Percent","Suspensions","-9999"
"Department of Mental Health and Addiction Services","","2019-2020","Eligible for Free or Reduced-Price Meals","Percent","Suspensions","-9999"
"Derby School District","900919550","2009-2010","Eligible for Free or Reduced-Price Meals","Percent","Suspensions","20.8"
"Derby School District","900919550","2010-2011","Eligible for Free or Reduced-Price Meals","Percent","Suspensions","14.0"
"Derby School District","900919550","2011-2012","Eligible for Free or Reduced-Price Meals","Percent","Suspensions","12.7"
"Derby School District","900919550","2012-2013","Eligible for Free or Reduced-Price Meals","Percent","Suspensions","15.6"
"Derby School District","900919550","2013-2014","Eligible for Free or Reduced-Price Meals","Percent","Suspensions","15.8"
"Derby School District","900919550","2014-2015","Eligible for Free or Reduced-Price Meals","Percent","Suspensions","16.4"
"Derby School District","900919550","2015-2016","Eligible for Free or Reduced-Price Meals","Percent","Suspensions","13.5"
"Derby School District","900919550","2016-2017","Eligible for Free or Reduced-Price Meals","Percent","Suspensions","15.0"
"Derby School District","900919550","2017-2018","Eligible for Free or Reduced-Price Meals","Percent","Suspensions","14.8"
"Derby School District","900919550","2018-2019","Eligible for Free or Reduced-Price Meals","Percent","Suspensions","16.3"
"Derby School District","900919550","2019-2020","Eligible for Free or Reduced-Price Meals","Percent","Suspensions","13.6"
"East Granby School District","900322070","2009-2010","Eligible for Free or Reduced-Price Meals","Percent","Suspensions","-9999"
"East Granby School District","900322070","2010-2011","Eligible for Free or Reduced-Price Meals","Percent","Suspensions","-9999"
"East Granby School District","900322070","2011-2012","Eligible for Free or Reduced-Price Meals","Percent","Suspensions","-9999"
"East Granby School District","900322070","2012-2013","Eligible for Free or Reduced-Price Meals","Percent","Suspensions","11.1"
"East Granby School District","900322070","2013-2014","Eligible for Free or Reduced-Price Meals","Percent","Suspensions","11.1"
"East Granby School District","900322070","2014-2015","Eligible for Free or Reduced-Price Meals","Percent","Suspensions","8.9"
"East Granby School District","900322070","2015-2016","Eligible for Free or Reduced-Price Meals","Percent","Suspensions","16.0"
"East Granby School District","900322070","2016-2017","Eligible for Free or Reduced-Price Meals","Percent","Suspensions","18.3"
"East Granby School District","900322070","2017-2018","Eligible for Free or Reduced-Price Meals","Percent","Suspensions","20.4"
"East Granby School District","900322070","2018-2019","Eligible for Free or Reduced-Price Meals","Percent","Suspensions","12.6"
"East Granby School District","900322070","2019-2020","Eligible for Free or Reduced-Price Meals","Percent","Suspensions","9.0"
"East Haddam School District","","2009-2010","Eligible for Free or Reduced-Price Meals","Percent","Suspensions","6.1"
"East Haddam School District","","2010-2011","Eligible for Free or Reduced-Price Meals","Percent","Suspensions","11.4"
"East Haddam School District","","2011-2012","Eligible for Free or Reduced-Price Meals","Percent","Suspensions","11.0"
"East Haddam School District","","2012-2013","Eligible for Free or Reduced-Price Meals","Percent","Suspensions","-6666"
"East Haddam School District","","2013-2014","Eligible for Free or Reduced-Price Meals","Percent","Suspensions","-6666"
"East Haddam School District","","2014-2015","Eligible for Free or Reduced-Price Meals","Percent","Suspensions","5.8"
"East Haddam School District","","2015-2016","Eligible for Free or Reduced-Price Meals","Percent","Suspensions","5.0"
"East Haddam School District","","2016-2017","Eligible for Free or Reduced-Price Meals","Percent","Suspensions","7.1"
"East Haddam School District","","2017-2018","Eligible for Free or Reduced-Price Meals","Percent","Suspensions","6.8"
"East Haddam School District","","2018-2019","Eligible for Free or Reduced-Price Meals","Percent","Suspensions","6.3"
"East Haddam School District","","2019-2020","Eligible for Free or Reduced-Price Meals","Percent","Suspensions","-9999"
"East Hampton School District","900722490","2009-2010","Eligible for Free or Reduced-Price Meals","Percent","Suspensions","9.5"
"East Hampton School District","900722490","2010-2011","Eligible for Free or Reduced-Price Meals","Percent","Suspensions","9.4"
"East Hampton School District","900722490","2011-2012","Eligible for Free or Reduced-Price Meals","Percent","Suspensions","10.7"
"East Hampton School District","900722490","2012-2013","Eligible for Free or Reduced-Price Meals","Percent","Suspensions","7.3"
"East Hampton School District","900722490","2013-2014","Eligible for Free or Reduced-Price Meals","Percent","Suspensions","10.0"
"East Hampton School District","900722490","2014-2015","Eligible for Free or Reduced-Price Meals","Percent","Suspensions","7.4"
"East Hampton School District","900722490","2015-2016","Eligible for Free or Reduced-Price Meals","Percent","Suspensions","9.0"
"East Hampton School District","900722490","2016-2017","Eligible for Free or Reduced-Price Meals","Percent","Suspensions","8.6"
"East Hampton School District","900722490","2017-2018","Eligible for Free or Reduced-Price Meals","Percent","Suspensions","4.7"
"East Hampton School District","900722490","2018-2019","Eligible for Free or Reduced-Price Meals","Percent","Suspensions","7.8"
"East Hampton School District","900722490","2019-2020","Eligible for Free or Reduced-Price Meals","Percent","Suspensions","3.2"
"East Hartford School District","900322630","2009-2010","Eligible for Free or Reduced-Price Meals","Percent","Suspensions","23.3"
"East Hartford School District","900322630","2010-2011","Eligible for Free or Reduced-Price Meals","Percent","Suspensions","23.7"
"East Hartford School District","900322630","2011-2012","Eligible for Free or Reduced-Price Meals","Percent","Suspensions","24.2"
"East Hartford School District","900322630","2012-2013","Eligible for Free or Reduced-Price Meals","Percent","Suspensions","19.8"
"East Hartford School District","900322630","2013-2014","Eligible for Free or Reduced-Price Meals","Percent","Suspensions","18.9"
"East Hartford School District","900322630","2014-2015","Eligible for Free or Reduced-Price Meals","Percent","Suspensions","17.9"
"East Hartford School District","900322630","2015-2016","Eligible for Free or Reduced-Price Meals","Percent","Suspensions","14.1"
"East Hartford School District","900322630","2016-2017","Eligible for Free or Reduced-Price Meals","Percent","Suspensions","13.2"
"East Hartford School District","900322630","2017-2018","Eligible for Free or Reduced-Price Meals","Percent","Suspensions","13.1"
"East Hartford School District","900322630","2018-2019","Eligible for Free or Reduced-Price Meals","Percent","Suspensions","14.7"
"East Hartford School District","900322630","2019-2020","Eligible for Free or Reduced-Price Meals","Percent","Suspensions","10.5"
"East Haven School District","900922910","2009-2010","Eligible for Free or Reduced-Price Meals","Percent","Suspensions","14.4"
"East Haven School District","900922910","2010-2011","Eligible for Free or Reduced-Price Meals","Percent","Suspensions","16.4"
"East Haven School District","900922910","2011-2012","Eligible for Free or Reduced-Price Meals","Percent","Suspensions","14.2"
"East Haven School District","900922910","2012-2013","Eligible for Free or Reduced-Price Meals","Percent","Suspensions","11.1"
"East Haven School District","900922910","2013-2014","Eligible for Free or Reduced-Price Meals","Percent","Suspensions","9.0"
"East Haven School District","900922910","2014-2015","Eligible for Free or Reduced-Price Meals","Percent","Suspensions","7.6"
"East Haven School District","900922910","2015-2016","Eligible for Free or Reduced-Price Meals","Percent","Suspensions","10.4"
"East Haven School District","900922910","2016-2017","Eligible for Free or Reduced-Price Meals","Percent","Suspensions","11.4"
"East Haven School District","900922910","2017-2018","Eligible for Free or Reduced-Price Meals","Percent","Suspensions","8.1"
"East Haven School District","900922910","2018-2019","Eligible for Free or Reduced-Price Meals","Percent","Suspensions","6.4"
"East Haven School District","900922910","2019-2020","Eligible for Free or Reduced-Price Meals","Percent","Suspensions","6.2"
"East Lyme School District","901123400","2009-2010","Eligible for Free or Reduced-Price Meals","Percent","Suspensions","6.7"
"East Lyme School District","901123400","2010-2011","Eligible for Free or Reduced-Price Meals","Percent","Suspensions","5.6"
"East Lyme School District","901123400","2011-2012","Eligible for Free or Reduced-Price Meals","Percent","Suspensions","9.1"
"East Lyme School District","901123400","2012-2013","Eligible for Free or Reduced-Price Meals","Percent","Suspensions","6.9"
"East Lyme School District","901123400","2013-2014","Eligible for Free or Reduced-Price Meals","Percent","Suspensions","5.1"
"East Lyme School District","901123400","2014-2015","Eligible for Free or Reduced-Price Meals","Percent","Suspensions","9.6"
"East Lyme School District","901123400","2015-2016","Eligible for Free or Reduced-Price Meals","Percent","Suspensions","7.3"
"East Lyme School District","901123400","2016-2017","Eligible for Free or Reduced-Price Meals","Percent","Suspensions","4.6"
"East Lyme School District","901123400","2017-2018","Eligible for Free or Reduced-Price Meals","Percent","Suspensions","6.2"
"East Lyme School District","901123400","2018-2019","Eligible for Free or Reduced-Price Meals","Percent","Suspensions","7.2"
"East Lyme School District","901123400","2019-2020","Eligible for Free or Reduced-Price Meals","Percent","Suspensions","4.3"
"East Windsor School District","900324800","2009-2010","Eligible for Free or Reduced-Price Meals","Percent","Suspensions","19.3"
"East Windsor School District","900324800","2010-2011","Eligible for Free or Reduced-Price Meals","Percent","Suspensions","20.2"
"East Windsor School District","900324800","2011-2012","Eligible for Free or Reduced-Price Meals","Percent","Suspensions","20.4"
"East Windsor School District","900324800","2012-2013","Eligible for Free or Reduced-Price Meals","Percent","Suspensions","17.7"
"East Windsor School District","900324800","2013-2014","Eligible for Free or Reduced-Price Meals","Percent","Suspensions","14.2"
"East Windsor School District","900324800","2014-2015","Eligible for Free or Reduced-Price Meals","Percent","Suspensions","10.8"
"East Windsor School District","900324800","2015-2016","Eligible for Free or Reduced-Price Meals","Percent","Suspensions","12.6"
"East Windsor School District","900324800","2016-2017","Eligible for Free or Reduced-Price Meals","Percent","Suspensions","13.7"
"East Windsor School District","900324800","2017-2018","Eligible for Free or Reduced-Price Meals","Percent","Suspensions","16.5"
"East Windsor School District","900324800","2018-2019","Eligible for Free or Reduced-Price Meals","Percent","Suspensions","13.8"
"East Windsor School District","900324800","2019-2020","Eligible for Free or Reduced-Price Meals","Percent","Suspensions","9.0"
"Eastern Connecticut Regional Educational Services","","2009-2010","Eligible for Free or Reduced-Price Meals","Percent","Suspensions","27.3"
"Eastern Connecticut Regional Educational Services","","2010-2011","Eligible for Free or Reduced-Price Meals","Percent","Suspensions","21.7"
"Eastern Connecticut Regional Educational Services","","2011-2012","Eligible for Free or Reduced-Price Meals","Percent","Suspensions","14.2"
"Eastern Connecticut Regional Educational Services","","2012-2013","Eligible for Free or Reduced-Price Meals","Percent","Suspensions","8.8"
"Eastern Connecticut Regional Educational Services","","2013-2014","Eligible for Free or Reduced-Price Meals","Percent","Suspensions","-6666"
"Eastern Connecticut Regional Educational Services","","2014-2015","Eligible for Free or Reduced-Price Meals","Percent","Suspensions","17.2"
"Eastern Connecticut Regional Educational Services","","2015-2016","Eligible for Free or Reduced-Price Meals","Percent","Suspensions","18.8"
"Eastern Connecticut Regional Educational Services","","2016-2017","Eligible for Free or Reduced-Price Meals","Percent","Suspensions","18.0"
"Eastern Connecticut Regional Educational Services","","2017-2018","Eligible for Free or Reduced-Price Meals","Percent","Suspensions","13.3"
"Eastern Connecticut Regional Educational Services","","2018-2019","Eligible for Free or Reduced-Price Meals","Percent","Suspensions","9.8"
"Eastern Connecticut Regional Educational Services","","2019-2020","Eligible for Free or Reduced-Price Meals","Percent","Suspensions","10.7"
"Eastford School District","","2009-2010","Eligible for Free or Reduced-Price Meals","Percent","Suspensions","-9999"
"Eastford School District","","2010-2011","Eligible for Free or Reduced-Price Meals","Percent","Suspensions","-9999"
"Eastford School District","","2011-2012","Eligible for Free or Reduced-Price Meals","Percent","Suspensions","-9999"
"Eastford School District","","2012-2013","Eligible for Free or Reduced-Price Meals","Percent","Suspensions","-9999"
"Eastford School District","","2013-2014","Eligible for Free or Reduced-Price Meals","Percent","Suspensions","-6666"
"Eastford School District","","2014-2015","Eligible for Free or Reduced-Price Meals","Percent","Suspensions","-9999"
"Eastford School District","","2015-2016","Eligible for Free or Reduced-Price Meals","Percent","Suspensions","-9999"
"Eastford School District","","2016-2017","Eligible for Free or Reduced-Price Meals","Percent","Suspensions","-9999"
"Eastford School District","","2017-2018","Eligible for Free or Reduced-Price Meals","Percent","Suspensions","-9999"
"Eastford School District","","2018-2019","Eligible for Free or Reduced-Price Meals","Percent","Suspensions","-9999"
"Eastford School District","","2019-2020","Eligible for Free or Reduced-Price Meals","Percent","Suspensions","-9999"
"Easton School District","","2009-2010","Eligible for Free or Reduced-Price Meals","Percent","Suspensions","-6666"
"Easton School District","","2010-2011","Eligible for Free or Reduced-Price Meals","Percent","Suspensions","-6666"
"Easton School District","","2011-2012","Eligible for Free or Reduced-Price Meals","Percent","Suspensions","-6666"
"Easton School District","","2012-2013","Eligible for Free or Reduced-Price Meals","Percent","Suspensions","-6666"
"Easton School District","","2013-2014","Eligible for Free or Reduced-Price Meals","Percent","Suspensions","-9999"
"Easton School District","","2014-2015","Eligible for Free or Reduced-Price Meals","Percent","Suspensions","-6666"
"Easton School District","","2015-2016","Eligible for Free or Reduced-Price Meals","Percent","Suspensions","-9999"
"Easton School District","","2016-2017","Eligible for Free or Reduced-Price Meals","Percent","Suspensions","-9999"
"Easton School District","","2017-2018","Eligible for Free or Reduced-Price Meals","Percent","Suspensions","-9999"
"Easton School District","","2018-2019","Eligible for Free or Reduced-Price Meals","Percent","Suspensions","-6666"
"Easton School District","","2019-2020","Eligible for Free or Reduced-Price Meals","Percent","Suspensions","-9999"
"Ellington School District","901325360","2009-2010","Eligible for Free or Reduced-Price Meals","Percent","Suspensions","11.0"
"Ellington School District","901325360","2010-2011","Eligible for Free or Reduced-Price Meals","Percent","Suspensions","15.8"
"Ellington School District","901325360","2011-2012","Eligible for Free or Reduced-Price Meals","Percent","Suspensions","20.1"
"Ellington School District","901325360","2012-2013","Eligible for Free or Reduced-Price Meals","Percent","Suspensions","16.1"
"Ellington School District","901325360","2013-2014","Eligible for Free or Reduced-Price Meals","Percent","Suspensions","13.9"
"Ellington School District","901325360","2014-2015","Eligible for Free or Reduced-Price Meals","Percent","Suspensions","15.1"
"Ellington School District","901325360","2015-2016","Eligible for Free or Reduced-Price Meals","Percent","Suspensions","16.7"
"Ellington School District","901325360","2016-2017","Eligible for Free or Reduced-Price Meals","Percent","Suspensions","19.2"
"Ellington School District","901325360","2017-2018","Eligible for Free or Reduced-Price Meals","Percent","Suspensions","10.7"
"Ellington School District","901325360","2018-2019","Eligible for Free or Reduced-Price Meals","Percent","Suspensions","12.5"
"Ellington School District","901325360","2019-2020","Eligible for Free or Reduced-Price Meals","Percent","Suspensions","8.8"
"Elm City College Preparatory School District","","2009-2010","Eligible for Free or Reduced-Price Meals","Percent","Suspensions","18.7"
"Elm City College Preparatory School District","","2010-2011","Eligible for Free or Reduced-Price Meals","Percent","Suspensions","26.5"
"Elm City College Preparatory School District","","2011-2012","Eligible for Free or Reduced-Price Meals","Percent","Suspensions","31.8"
"Elm City College Preparatory School District","","2012-2013","Eligible for Free or Reduced-Price Meals","Percent","Suspensions","30.6"
"Elm City College Preparatory School District","","2013-2014","Eligible for Free or Reduced-Price Meals","Percent","Suspensions","29.7"
"Elm City College Preparatory School District","","2014-2015","Eligible for Free or Reduced-Price Meals","Percent","Suspensions","14.2"
"Elm City College Preparatory School District","","2015-2016","Eligible for Free or Reduced-Price Meals","Percent","Suspensions","16.7"
"Elm City College Preparatory School District","","2016-2017","Eligible for Free or Reduced-Price Meals","Percent","Suspensions","16.1"
"Elm City College Preparatory School District","","2017-2018","Eligible for Free or Reduced-Price Meals","Percent","Suspensions","14.5"
"Elm City College Preparatory School District","","2018-2019","Eligible for Free or Reduced-Price Meals","Percent","Suspensions","11.4"
"Elm City College Preparatory School District","","2019-2020","Eligible for Free or Reduced-Price Meals","Percent","Suspensions","8.1"
"Elm City Montessori School District","","2009-2010","Eligible for Free or Reduced-Price Meals","Percent","Suspensions","0"
"Elm City Montessori School District","","2010-2011","Eligible for Free or Reduced-Price Meals","Percent","Suspensions","0"
"Elm City Montessori School District","","2011-2012","Eligible for Free or Reduced-Price Meals","Percent","Suspensions","0"
"Elm City Montessori School District","","2012-2013","Eligible for Free or Reduced-Price Meals","Percent","Suspensions","0"
"Elm City Montessori School District","","2013-2014","Eligible for Free or Reduced-Price Meals","Percent","Suspensions","0"
"Elm City Montessori School District","","2014-2015","Eligible for Free or Reduced-Price Meals","Percent","Suspensions","-9999"
"Elm City Montessori School District","","2015-2016","Eligible for Free or Reduced-Price Meals","Percent","Suspensions","-9999"
"Elm City Montessori School District","","2016-2017","Eligible for Free or Reduced-Price Meals","Percent","Suspensions","-9999"
"Elm City Montessori School District","","2017-2018","Eligible for Free or Reduced-Price Meals","Percent","Suspensions","17.9"
"Elm City Montessori School District","","2018-2019","Eligible for Free or Reduced-Price Meals","Percent","Suspensions","-9999"
"Elm City Montessori School District","","2019-2020","Eligible for Free or Reduced-Price Meals","Percent","Suspensions","-9999"
"Enfield School District","900325990","2009-2010","Eligible for Free or Reduced-Price Meals","Percent","Suspensions","12.9"
"Enfield School District","900325990","2010-2011","Eligible for Free or Reduced-Price Meals","Percent","Suspensions","13.7"
"Enfield School District","900325990","2011-2012","Eligible for Free or Reduced-Price Meals","Percent","Suspensions","14.2"
"Enfield School District","900325990","2012-2013","Eligible for Free or Reduced-Price Meals","Percent","Suspensions","13.9"
"Enfield School District","900325990","2013-2014","Eligible for Free or Reduced-Price Meals","Percent","Suspensions","12.6"
"Enfield School District","900325990","2014-2015","Eligible for Free or Reduced-Price Meals","Percent","Suspensions","12.4"
"Enfield School District","900325990","2015-2016","Eligible for Free or Reduced-Price Meals","Percent","Suspensions","11.0"
"Enfield School District","900325990","2016-2017","Eligible for Free or Reduced-Price Meals","Percent","Suspensions","11.3"
"Enfield School District","900325990","2017-2018","Eligible for Free or Reduced-Price Meals","Percent","Suspensions","9.9"
"Enfield School District","900325990","2018-2019","Eligible for Free or Reduced-Price Meals","Percent","Suspensions","11.7"
"Enfield School District","900325990","2019-2020","Eligible for Free or Reduced-Price Meals","Percent","Suspensions","9.7"
"Essex School District","","2009-2010","Eligible for Free or Reduced-Price Meals","Percent","Suspensions","-9999"
"Essex School District","","2010-2011","Eligible for Free or Reduced-Price Meals","Percent","Suspensions","-6666"
"Essex School District","","2011-2012","Eligible for Free or Reduced-Price Meals","Percent","Suspensions","-6666"
"Essex School District","","2012-2013","Eligible for Free or Reduced-Price Meals","Percent","Suspensions","-9999"
"Essex School District","","2013-2014","Eligible for Free or Reduced-Price Meals","Percent","Suspensions","-9999"
"Essex School District","","2014-2015","Eligible for Free or Reduced-Price Meals","Percent","Suspensions","-9999"
"Essex School District","","2015-2016","Eligible for Free or Reduced-Price Meals","Percent","Suspensions","-6666"
"Essex School District","","2016-2017","Eligible for Free or Reduced-Price Meals","Percent","Suspensions","-6666"
"Essex School District","","2017-2018","Eligible for Free or Reduced-Price Meals","Percent","Suspensions","-6666"
"Essex School District","","2018-2019","Eligible for Free or Reduced-Price Meals","Percent","Suspensions","-6666"
"Essex School District","","2019-2020","Eligible for Free or Reduced-Price Meals","Percent","Suspensions","-6666"
"Explorations District","","2009-2010","Eligible for Free or Reduced-Price Meals","Percent","Suspensions","-9999"
"Explorations District","","2010-2011","Eligible for Free or Reduced-Price Meals","Percent","Suspensions","34.3"
"Explorations District","","2011-2012","Eligible for Free or Reduced-Price Meals","Percent","Suspensions","-9999"
"Explorations District","","2012-2013","Eligible for Free or Reduced-Price Meals","Percent","Suspensions","40.0"
"Explorations District","","2013-2014","Eligible for Free or Reduced-Price Meals","Percent","Suspensions","33.3"
"Explorations District","","2014-2015","Eligible for Free or Reduced-Price Meals","Percent","Suspensions","30.8"
"Explorations District","","2015-2016","Eligible for Free or Reduced-Price Meals","Percent","Suspensions","22.5"
"Explorations District","","2016-2017","Eligible for Free or Reduced-Price Meals","Percent","Suspensions","18.8"
"Explorations District","","2017-2018","Eligible for Free or Reduced-Price Meals","Percent","Suspensions","29.3"
"Explorations District","","2018-2019","Eligible for Free or Reduced-Price Meals","Percent","Suspensions","14.3"
"Explorations District","","2019-2020","Eligible for Free or Reduced-Price Meals","Percent","Suspensions","18.1"
"Fairfield School District","900126620","2009-2010","Eligible for Free or Reduced-Price Meals","Percent","Suspensions","8.3"
"Fairfield School District","900126620","2010-2011","Eligible for Free or Reduced-Price Meals","Percent","Suspensions","7.5"
"Fairfield School District","900126620","2011-2012","Eligible for Free or Reduced-Price Meals","Percent","Suspensions","8.0"
"Fairfield School District","900126620","2012-2013","Eligible for Free or Reduced-Price Meals","Percent","Suspensions","7.0"
"Fairfield School District","900126620","2013-2014","Eligible for Free or Reduced-Price Meals","Percent","Suspensions","6.0"
"Fairfield School District","900126620","2014-2015","Eligible for Free or Reduced-Price Meals","Percent","Suspensions","5.6"
"Fairfield School District","900126620","2015-2016","Eligible for Free or Reduced-Price Meals","Percent","Suspensions","7.2"
"Fairfield School District","900126620","2016-2017","Eligible for Free or Reduced-Price Meals","Percent","Suspensions","6.1"
"Fairfield School District","900126620","2017-2018","Eligible for Free or Reduced-Price Meals","Percent","Suspensions","4.6"
"Fairfield School District","900126620","2018-2019","Eligible for Free or Reduced-Price Meals","Percent","Suspensions","5.2"
"Fairfield School District","900126620","2019-2020","Eligible for Free or Reduced-Price Meals","Percent","Suspensions","4.1"
"Farmington School District","900327600","2009-2010","Eligible for Free or Reduced-Price Meals","Percent","Suspensions","12.1"
"Farmington School District","900327600","2010-2011","Eligible for Free or Reduced-Price Meals","Percent","Suspensions","9.4"
"Farmington School District","900327600","2011-2012","Eligible for Free or Reduced-Price Meals","Percent","Suspensions","8.1"
"Farmington School District","900327600","2012-2013","Eligible for Free or Reduced-Price Meals","Percent","Suspensions","7.2"
"Farmington School District","900327600","2013-2014","Eligible for Free or Reduced-Price Meals","Percent","Suspensions","6.0"
"Farmington School District","900327600","2014-2015","Eligible for Free or Reduced-Price Meals","Percent","Suspensions","5.5"
"Farmington School District","900327600","2015-2016","Eligible for Free or Reduced-Price Meals","Percent","Suspensions","4.6"
"Farmington School District","900327600","2016-2017","Eligible for Free or Reduced-Price Meals","Percent","Suspensions","3.3"
"Farmington School District","900327600","2017-2018","Eligible for Free or Reduced-Price Meals","Percent","Suspensions","2.2"
"Farmington School District","900327600","2018-2019","Eligible for Free or Reduced-Price Meals","Percent","Suspensions","4.7"
"Farmington School District","900327600","2019-2020","Eligible for Free or Reduced-Price Meals","Percent","Suspensions","3.3"
"Franklin School District","","2009-2010","Eligible for Free or Reduced-Price Meals","Percent","Suspensions","-6666"
"Franklin School District","","2010-2011","Eligible for Free or Reduced-Price Meals","Percent","Suspensions","-6666"
"Franklin School District","","2011-2012","Eligible for Free or Reduced-Price Meals","Percent","Suspensions","-9999"
"Franklin School District","","2012-2013","Eligible for Free or Reduced-Price Meals","Percent","Suspensions","-9999"
"Franklin School District","","2013-2014","Eligible for Free or Reduced-Price Meals","Percent","Suspensions","-9999"
"Franklin School District","","2014-2015","Eligible for Free or Reduced-Price Meals","Percent","Suspensions","-9999"
"Franklin School District","","2015-2016","Eligible for Free or Reduced-Price Meals","Percent","Suspensions","-9999"
"Franklin School District","","2016-2017","Eligible for Free or Reduced-Price Meals","Percent","Suspensions","-9999"
"Franklin School District","","2017-2018","Eligible for Free or Reduced-Price Meals","Percent","Suspensions","-9999"
"Franklin School District","","2018-2019","Eligible for Free or Reduced-Price Meals","Percent","Suspensions","-9999"
"Franklin School District","","2019-2020","Eligible for Free or Reduced-Price Meals","Percent","Suspensions","-9999"
"Glastonbury School District","900331240","2009-2010","Eligible for Free or Reduced-Price Meals","Percent","Suspensions","6.6"
"Glastonbury School District","900331240","2010-2011","Eligible for Free or Reduced-Price Meals","Percent","Suspensions","5.1"
"Glastonbury School District","900331240","2011-2012","Eligible for Free or Reduced-Price Meals","Percent","Suspensions","4.7"
"Glastonbury School District","900331240","2012-2013","Eligible for Free or Reduced-Price Meals","Percent","Suspensions","4.9"
"Glastonbury School District","900331240","2013-2014","Eligible for Free or Reduced-Price Meals","Percent","Suspensions","6.5"
"Glastonbury School District","900331240","2014-2015","Eligible for Free or Reduced-Price Meals","Percent","Suspensions","6.1"
"Glastonbury School District","900331240","2015-2016","Eligible for Free or Reduced-Price Meals","Percent","Suspensions","3.3"
"Glastonbury School District","900331240","2016-2017","Eligible for Free or Reduced-Price Meals","Percent","Suspensions","4.9"
"Glastonbury School District","900331240","2017-2018","Eligible for Free or Reduced-Price Meals","Percent","Suspensions","5.7"
"Glastonbury School District","900331240","2018-2019","Eligible for Free or Reduced-Price Meals","Percent","Suspensions","7.4"
"Glastonbury School District","900331240","2019-2020","Eligible for Free or Reduced-Price Meals","Percent","Suspensions","5.3"
"Granby School District","900332640","2009-2010","Eligible for Free or Reduced-Price Meals","Percent","Suspensions","4.8"
"Granby School District","900332640","2010-2011","Eligible for Free or Reduced-Price Meals","Percent","Suspensions","3.8"
"Granby School District","900332640","2011-2012","Eligible for Free or Reduced-Price Meals","Percent","Suspensions","6.1"
"Granby School District","900332640","2012-2013","Eligible for Free or Reduced-Price Meals","Percent","Suspensions","7.7"
"Granby School District","900332640","2013-2014","Eligible for Free or Reduced-Price Meals","Percent","Suspensions","7.6"
"Granby School District","900332640","2014-2015","Eligible for Free or Reduced-Price Meals","Percent","Suspensions","8.7"
"Granby School District","900332640","2015-2016","Eligible for Free or Reduced-Price Meals","Percent","Suspensions","14.5"
"Granby School District","900332640","2016-2017","Eligible for Free or Reduced-Price Meals","Percent","Suspensions","14.7"
"Granby School District","900332640","2017-2018","Eligible for Free or Reduced-Price Meals","Percent","Suspensions","7.8"
"Granby School District","900332640","2018-2019","Eligible for Free or Reduced-Price Meals","Percent","Suspensions","5.2"
"Granby School District","900332640","2019-2020","Eligible for Free or Reduced-Price Meals","Percent","Suspensions","5.1"
"Great Oaks Charter School Bridgeport","","2009-2010","Eligible for Free or Reduced-Price Meals","Percent","Suspensions","0"
"Great Oaks Charter School Bridgeport","","2010-2011","Eligible for Free or Reduced-Price Meals","Percent","Suspensions","0"
"Great Oaks Charter School Bridgeport","","2011-2012","Eligible for Free or Reduced-Price Meals","Percent","Suspensions","0"
"Great Oaks Charter School Bridgeport","","2012-2013","Eligible for Free or Reduced-Price Meals","Percent","Suspensions","0"
"Great Oaks Charter School Bridgeport","","2013-2014","Eligible for Free or Reduced-Price Meals","Percent","Suspensions","0"
"Great Oaks Charter School Bridgeport","","2014-2015","Eligible for Free or Reduced-Price Meals","Percent","Suspensions","47.6"
"Great Oaks Charter School Bridgeport","","2015-2016","Eligible for Free or Reduced-Price Meals","Percent","Suspensions","36.3"
"Great Oaks Charter School Bridgeport","","2016-2017","Eligible for Free or Reduced-Price Meals","Percent","Suspensions","42.0"
"Great Oaks Charter School Bridgeport","","2017-2018","Eligible for Free or Reduced-Price Meals","Percent","Suspensions","27.2"
"Great Oaks Charter School Bridgeport","","2018-2019","Eligible for Free or Reduced-Price Meals","Percent","Suspensions","17.1"
"Great Oaks Charter School Bridgeport","","2019-2020","Eligible for Free or Reduced-Price Meals","Percent","Suspensions","15.7"
"Greenwich School District","900133620","2009-2010","Eligible for Free or Reduced-Price Meals","Percent","Suspensions","7.1"
"Greenwich School District","900133620","2010-2011","Eligible for Free or Reduced-Price Meals","Percent","Suspensions","8.8"
"Greenwich School District","900133620","2011-2012","Eligible for Free or Reduced-Price Meals","Percent","Suspensions","7.2"
"Greenwich School District","900133620","2012-2013","Eligible for Free or Reduced-Price Meals","Percent","Suspensions","6.9"
"Greenwich School District","900133620","2013-2014","Eligible for Free or Reduced-Price Meals","Percent","Suspensions","4.8"
"Greenwich School District","900133620","2014-2015","Eligible for Free or Reduced-Price Meals","Percent","Suspensions","4.5"
"Greenwich School District","900133620","2015-2016","Eligible for Free or Reduced-Price Meals","Percent","Suspensions","4.3"
"Greenwich School District","900133620","2016-2017","Eligible for Free or Reduced-Price Meals","Percent","Suspensions","3.8"
"Greenwich School District","900133620","2017-2018","Eligible for Free or Reduced-Price Meals","Percent","Suspensions","4.9"
"Greenwich School District","900133620","2018-2019","Eligible for Free or Reduced-Price Meals","Percent","Suspensions","3.7"
"Greenwich School District","900133620","2019-2020","Eligible for Free or Reduced-Price Meals","Percent","Suspensions","2.8"
"Griswold School District","901133900","2009-2010","Eligible for Free or Reduced-Price Meals","Percent","Suspensions","15.5"
"Griswold School District","901133900","2010-2011","Eligible for Free or Reduced-Price Meals","Percent","Suspensions","16.7"
"Griswold School District","901133900","2011-2012","Eligible for Free or Reduced-Price Meals","Percent","Suspensions","18.0"
"Griswold School District","901133900","2012-2013","Eligible for Free or Reduced-Price Meals","Percent","Suspensions","14.2"
"Griswold School District","901133900","2013-2014","Eligible for Free or Reduced-Price Meals","Percent","Suspensions","12.2"
"Griswold School District","901133900","2014-2015","Eligible for Free or Reduced-Price Meals","Percent","Suspensions","10.3"
"Griswold School District","901133900","2015-2016","Eligible for Free or Reduced-Price Meals","Percent","Suspensions","9.1"
"Griswold School District","901133900","2016-2017","Eligible for Free or Reduced-Price Meals","Percent","Suspensions","9.0"
"Griswold School District","901133900","2017-2018","Eligible for Free or Reduced-Price Meals","Percent","Suspensions","9.2"
"Griswold School District","901133900","2018-2019","Eligible for Free or Reduced-Price Meals","Percent","Suspensions","9.3"
"Griswold School District","901133900","2019-2020","Eligible for Free or Reduced-Price Meals","Percent","Suspensions","6.8"
"Groton School District","901134250","2009-2010","Eligible for Free or Reduced-Price Meals","Percent","Suspensions","11.6"
"Groton School District","901134250","2010-2011","Eligible for Free or Reduced-Price Meals","Percent","Suspensions","13.0"
"Groton School District","901134250","2011-2012","Eligible for Free or Reduced-Price Meals","Percent","Suspensions","13.3"
"Groton School District","901134250","2012-2013","Eligible for Free or Reduced-Price Meals","Percent","Suspensions","11.8"
"Groton School District","901134250","2013-2014","Eligible for Free or Reduced-Price Meals","Percent","Suspensions","10.3"
"Groton School District","901134250","2014-2015","Eligible for Free or Reduced-Price Meals","Percent","Suspensions","12.4"
"Groton School District","901134250","2015-2016","Eligible for Free or Reduced-Price Meals","Percent","Suspensions","12.2"
"Groton School District","901134250","2016-2017","Eligible for Free or Reduced-Price Meals","Percent","Suspensions","12.3"
"Groton School District","901134250","2017-2018","Eligible for Free or Reduced-Price Meals","Percent","Suspensions","10.0"
"Groton School District","901134250","2018-2019","Eligible for Free or Reduced-Price Meals","Percent","Suspensions","10.3"
"Groton School District","901134250","2019-2020","Eligible for Free or Reduced-Price Meals","Percent","Suspensions","6.7"
"Guilford School District","900934950","2009-2010","Eligible for Free or Reduced-Price Meals","Percent","Suspensions","5.5"
"Guilford School District","900934950","2010-2011","Eligible for Free or Reduced-Price Meals","Percent","Suspensions","6.7"
"Guilford School District","900934950","2011-2012","Eligible for Free or Reduced-Price Meals","Percent","Suspensions","7.6"
"Guilford School District","900934950","2012-2013","Eligible for Free or Reduced-Price Meals","Percent","Suspensions","7.8"
"Guilford School District","900934950","2013-2014","Eligible for Free or Reduced-Price Meals","Percent","Suspensions","8.4"
"Guilford School District","900934950","2014-2015","Eligible for Free or Reduced-Price Meals","Percent","Suspensions","4.2"
"Guilford School District","900934950","2015-2016","Eligible for Free or Reduced-Price Meals","Percent","Suspensions","4.9"
"Guilford School District","900934950","2016-2017","Eligible for Free or Reduced-Price Meals","Percent","Suspensions","3.2"
"Guilford School District","900934950","2017-2018","Eligible for Free or Reduced-Price Meals","Percent","Suspensions","4.6"
"Guilford School District","900934950","2018-2019","Eligible for Free or Reduced-Price Meals","Percent","Suspensions","3.2"
"Guilford School District","900934950","2019-2020","Eligible for Free or Reduced-Price Meals","Percent","Suspensions","4.5"
"Hamden School District","900935650","2009-2010","Eligible for Free or Reduced-Price Meals","Percent","Suspensions","19.1"
"Hamden School District","900935650","2010-2011","Eligible for Free or Reduced-Price Meals","Percent","Suspensions","19.6"
"Hamden School District","900935650","2011-2012","Eligible for Free or Reduced-Price Meals","Percent","Suspensions","17.4"
"Hamden School District","900935650","2012-2013","Eligible for Free or Reduced-Price Meals","Percent","Suspensions","17.1"
"Hamden School District","900935650","2013-2014","Eligible for Free or Reduced-Price Meals","Percent","Suspensions","15.8"
"Hamden School District","900935650","2014-2015","Eligible for Free or Reduced-Price Meals","Percent","Suspensions","13.6"
"Hamden School District","900935650","2015-2016","Eligible for Free or Reduced-Price Meals","Percent","Suspensions","12.9"
"Hamden School District","900935650","2016-2017","Eligible for Free or Reduced-Price Meals","Percent","Suspensions","13.4"
"Hamden School District","900935650","2017-2018","Eligible for Free or Reduced-Price Meals","Percent","Suspensions","13.2"
"Hamden School District","900935650","2018-2019","Eligible for Free or Reduced-Price Meals","Percent","Suspensions","13.4"
"Hamden School District","900935650","2019-2020","Eligible for Free or Reduced-Price Meals","Percent","Suspensions","8.4"
"Hampton School District","","2009-2010","Eligible for Free or Reduced-Price Meals","Percent","Suspensions","-9999"
"Hampton School District","","2010-2011","Eligible for Free or Reduced-Price Meals","Percent","Suspensions","-9999"
"Hampton School District","","2011-2012","Eligible for Free or Reduced-Price Meals","Percent","Suspensions","-9999"
"Hampton School District","","2012-2013","Eligible for Free or Reduced-Price Meals","Percent","Suspensions","-6666"
"Hampton School District","","2013-2014","Eligible for Free or Reduced-Price Meals","Percent","Suspensions","-6666"
"Hampton School District","","2014-2015","Eligible for Free or Reduced-Price Meals","Percent","Suspensions","-6666"
"Hampton School District","","2015-2016","Eligible for Free or Reduced-Price Meals","Percent","Suspensions","-9999"
"Hampton School District","","2016-2017","Eligible for Free or Reduced-Price Meals","Percent","Suspensions","-6666"
"Hampton School District","","2017-2018","Eligible for Free or Reduced-Price Meals","Percent","Suspensions","-6666"
"Hampton School District","","2018-2019","Eligible for Free or Reduced-Price Meals","Percent","Suspensions","-6666"
"Hampton School District","","2019-2020","Eligible for Free or Reduced-Price Meals","Percent","Suspensions","-9999"
"Hartford School District","900337070","2009-2010","Eligible for Free or Reduced-Price Meals","Percent","Suspensions","22.0"
"Hartford School District","900337070","2010-2011","Eligible for Free or Reduced-Price Meals","Percent","Suspensions","17.9"
"Hartford School District","900337070","2011-2012","Eligible for Free or Reduced-Price Meals","Percent","Suspensions","18.6"
"Hartford School District","900337070","2012-2013","Eligible for Free or Reduced-Price Meals","Percent","Suspensions","18.3"
"Hartford School District","900337070","2013-2014","Eligible for Free or Reduced-Price Meals","Percent","Suspensions","18.7"
"Hartford School District","900337070","2014-2015","Eligible for Free or Reduced-Price Meals","Percent","Suspensions","18.1"
"Hartford School District","900337070","2015-2016","Eligible for Free or Reduced-Price Meals","Percent","Suspensions","16.2"
"Hartford School District","900337070","2016-2017","Eligible for Free or Reduced-Price Meals","Percent","Suspensions","15.7"
"Hartford School District","900337070","2017-2018","Eligible for Free or Reduced-Price Meals","Percent","Suspensions","13.8"
"Hartford School District","900337070","2018-2019","Eligible for Free or Reduced-Price Meals","Percent","Suspensions","13.5"
"Hartford School District","900337070","2019-2020","Eligible for Free or Reduced-Price Meals","Percent","Suspensions","11.7"
"Hartland School District","","2009-2010","Eligible for Free or Reduced-Price Meals","Percent","Suspensions","-9999"
"Hartland School District","","2010-2011","Eligible for Free or Reduced-Price Meals","Percent","Suspensions","-9999"
"Hartland School District","","2011-2012","Eligible for Free or Reduced-Price Meals","Percent","Suspensions","-9999"
"Hartland School District","","2012-2013","Eligible for Free or Reduced-Price Meals","Percent","Suspensions","-9999"
"Hartland School District","","2013-2014","Eligible for Free or Reduced-Price Meals","Percent","Suspensions","-9999"
"Hartland School District","","2014-2015","Eligible for Free or Reduced-Price Meals","Percent","Suspensions","-6666"
"Hartland School District","","2015-2016","Eligible for Free or Reduced-Price Meals","Percent","Suspensions","-9999"
"Hartland School District","","2016-2017","Eligible for Free or Reduced-Price Meals","Percent","Suspensions","-9999"
"Hartland School District","","2017-2018","Eligible for Free or Reduced-Price Meals","Percent","Suspensions","-9999"
"Hartland School District","","2018-2019","Eligible for Free or Reduced-Price Meals","Percent","Suspensions","-9999"
"Hartland School District","","2019-2020","Eligible for Free or Reduced-Price Meals","Percent","Suspensions","-9999"
"Hebron School District","","2009-2010","Eligible for Free or Reduced-Price Meals","Percent","Suspensions","-6666"
"Hebron School District","","2010-2011","Eligible for Free or Reduced-Price Meals","Percent","Suspensions","-9999"
"Hebron School District","","2011-2012","Eligible for Free or Reduced-Price Meals","Percent","Suspensions","-9999"
"Hebron School District","","2012-2013","Eligible for Free or Reduced-Price Meals","Percent","Suspensions","-9999"
"Hebron School District","","2013-2014","Eligible for Free or Reduced-Price Meals","Percent","Suspensions","-6666"
"Hebron School District","","2014-2015","Eligible for Free or Reduced-Price Meals","Percent","Suspensions","-9999"
"Hebron School District","","2015-2016","Eligible for Free or Reduced-Price Meals","Percent","Suspensions","-9999"
"Hebron School District","","2016-2017","Eligible for Free or Reduced-Price Meals","Percent","Suspensions","-9999"
"Hebron School District","","2017-2018","Eligible for Free or Reduced-Price Meals","Percent","Suspensions","-9999"
"Hebron School District","","2018-2019","Eligible for Free or Reduced-Price Meals","Percent","Suspensions","-9999"
"Hebron School District","","2019-2020","Eligible for Free or Reduced-Price Meals","Percent","Suspensions","-9999"
"Highville Charter School District","","2009-2010","Eligible for Free or Reduced-Price Meals","Percent","Suspensions","-6666"
"Highville Charter School District","","2010-2011","Eligible for Free or Reduced-Price Meals","Percent","Suspensions","-6666"
"Highville Charter School District","","2011-2012","Eligible for Free or Reduced-Price Meals","Percent","Suspensions","4.0"
"Highville Charter School District","","2012-2013","Eligible for Free or Reduced-Price Meals","Percent","Suspensions","2.9"
"Highville Charter School District","","2013-2014","Eligible for Free or Reduced-Price Meals","Percent","Suspensions","7.5"
"Highville Charter School District","","2014-2015","Eligible for Free or Reduced-Price Meals","Percent","Suspensions","6.6"
"Highville Charter School District","","2015-2016","Eligible for Free or Reduced-Price Meals","Percent","Suspensions","23.5"
"Highville Charter School District","","2016-2017","Eligible for Free or Reduced-Price Meals","Percent","Suspensions","19.4"
"Highville Charter School District","","2017-2018","Eligible for Free or Reduced-Price Meals","Percent","Suspensions","20.2"
"Highville Charter School District","","2018-2019","Eligible for Free or Reduced-Price Meals","Percent","Suspensions","13.4"
"Highville Charter School District","","2019-2020","Eligible for Free or Reduced-Price Meals","Percent","Suspensions","14.8"
"Integrated Day Charter School District","","2009-2010","Eligible for Free or Reduced-Price Meals","Percent","Suspensions","-9999"
"Integrated Day Charter School District","","2010-2011","Eligible for Free or Reduced-Price Meals","Percent","Suspensions","7.5"
"Integrated Day Charter School District","","2011-2012","Eligible for Free or Reduced-Price Meals","Percent","Suspensions","12.8"
"Integrated Day Charter School District","","2012-2013","Eligible for Free or Reduced-Price Meals","Percent","Suspensions","-9999"
"Integrated Day Charter School District","","2013-2014","Eligible for Free or Reduced-Price Meals","Percent","Suspensions","13.3"
"Integrated Day Charter School District","","2014-2015","Eligible for Free or Reduced-Price Meals","Percent","Suspensions","-9999"
"Integrated Day Charter School District","","2015-2016","Eligible for Free or Reduced-Price Meals","Percent","Suspensions","5.0"
"Integrated Day Charter School District","","2016-2017","Eligible for Free or Reduced-Price Meals","Percent","Suspensions","-9999"
"Integrated Day Charter School District","","2017-2018","Eligible for Free or Reduced-Price Meals","Percent","Suspensions","6.6"
"Integrated Day Charter School District","","2018-2019","Eligible for Free or Reduced-Price Meals","Percent","Suspensions","-9999"
"Integrated Day Charter School District","","2019-2020","Eligible for Free or Reduced-Price Meals","Percent","Suspensions","-9999"
"Interdistrict School for Arts and Communication District","","2009-2010","Eligible for Free or Reduced-Price Meals","Percent","Suspensions","18.3"
"Interdistrict School for Arts and Communication District","","2010-2011","Eligible for Free or Reduced-Price Meals","Percent","Suspensions","15.6"
"Interdistrict School for Arts and Communication District","","2011-2012","Eligible for Free or Reduced-Price Meals","Percent","Suspensions","34.6"
"Interdistrict School for Arts and Communication District","","2012-2013","Eligible for Free or Reduced-Price Meals","Percent","Suspensions","23.0"
"Interdistrict School for Arts and Communication District","","2013-2014","Eligible for Free or Reduced-Price Meals","Percent","Suspensions","17.4"
"Interdistrict School for Arts and Communication District","","2014-2015","Eligible for Free or Reduced-Price Meals","Percent","Suspensions","23.5"
"Interdistrict School for Arts and Communication District","","2015-2016","Eligible for Free or Reduced-Price Meals","Percent","Suspensions","13.9"
"Interdistrict School for Arts and Communication District","","2016-2017","Eligible for Free or Reduced-Price Meals","Percent","Suspensions","18.1"
"Interdistrict School for Arts and Communication District","","2017-2018","Eligible for Free or Reduced-Price Meals","Percent","Suspensions","25.5"
"Interdistrict School for Arts and Communication District","","2018-2019","Eligible for Free or Reduced-Price Meals","Percent","Suspensions","17.3"
"Interdistrict School for Arts and Communication District","","2019-2020","Eligible for Free or Reduced-Price Meals","Percent","Suspensions","12.8"
"Jumoke Academy District","","2009-2010","Eligible for Free or Reduced-Price Meals","Percent","Suspensions","-6666"
"Jumoke Academy District","","2010-2011","Eligible for Free or Reduced-Price Meals","Percent","Suspensions","7.3"
"Jumoke Academy District","","2011-2012","Eligible for Free or Reduced-Price Meals","Percent","Suspensions","5.0"
"Jumoke Academy District","","2012-2013","Eligible for Free or Reduced-Price Meals","Percent","Suspensions","7.8"
"Jumoke Academy District","","2013-2014","Eligible for Free or Reduced-Price Meals","Percent","Suspensions","11.3"
"Jumoke Academy District","","2014-2015","Eligible for Free or Reduced-Price Meals","Percent","Suspensions","15.0"
"Jumoke Academy District","","2015-2016","Eligible for Free or Reduced-Price Meals","Percent","Suspensions","11.7"
"Jumoke Academy District","","2016-2017","Eligible for Free or Reduced-Price Meals","Percent","Suspensions","11.3"
"Jumoke Academy District","","2017-2018","Eligible for Free or Reduced-Price Meals","Percent","Suspensions","14.8"
"Jumoke Academy District","","2018-2019","Eligible for Free or Reduced-Price Meals","Percent","Suspensions","13.6"
"Jumoke Academy District","","2019-2020","Eligible for Free or Reduced-Price Meals","Percent","Suspensions","5.9"
"Kent School District","","2009-2010","Eligible for Free or Reduced-Price Meals","Percent","Suspensions","-6666"
"Kent School District","","2010-2011","Eligible for Free or Reduced-Price Meals","Percent","Suspensions","-6666"
"Kent School District","","2011-2012","Eligible for Free or Reduced-Price Meals","Percent","Suspensions","-6666"
"Kent School District","","2012-2013","Eligible for Free or Reduced-Price Meals","Percent","Suspensions","-6666"
"Kent School District","","2013-2014","Eligible for Free or Reduced-Price Meals","Percent","Suspensions","-6666"
"Kent School District","","2014-2015","Eligible for Free or Reduced-Price Meals","Percent","Suspensions","-6666"
"Kent School District","","2015-2016","Eligible for Free or Reduced-Price Meals","Percent","Suspensions","-6666"
"Kent School District","","2016-2017","Eligible for Free or Reduced-Price Meals","Percent","Suspensions","-9999"
"Kent School District","","2017-2018","Eligible for Free or Reduced-Price Meals","Percent","Suspensions","-6666"
"Kent School District","","2018-2019","Eligible for Free or Reduced-Price Meals","Percent","Suspensions","-9999"
"Kent School District","","2019-2020","Eligible for Free or Reduced-Price Meals","Percent","Suspensions","-9999"
"Killingly School District","901540500","2009-2010","Eligible for Free or Reduced-Price Meals","Percent","Suspensions","15.6"
"Killingly School District","901540500","2010-2011","Eligible for Free or Reduced-Price Meals","Percent","Suspensions","15.4"
"Killingly School District","901540500","2011-2012","Eligible for Free or Reduced-Price Meals","Percent","Suspensions","9.7"
"Killingly School District","901540500","2012-2013","Eligible for Free or Reduced-Price Meals","Percent","Suspensions","13.9"
"Killingly School District","901540500","2013-2014","Eligible for Free or Reduced-Price Meals","Percent","Suspensions","12.6"
"Killingly School District","901540500","2014-2015","Eligible for Free or Reduced-Price Meals","Percent","Suspensions","11.7"
"Killingly School District","901540500","2015-2016","Eligible for Free or Reduced-Price Meals","Percent","Suspensions","9.2"
"Killingly School District","901540500","2016-2017","Eligible for Free or Reduced-Price Meals","Percent","Suspensions","10.0"
"Killingly School District","901540500","2017-2018","Eligible for Free or Reduced-Price Meals","Percent","Suspensions","11.3"
"Killingly School District","901540500","2018-2019","Eligible for Free or Reduced-Price Meals","Percent","Suspensions","10.8"
"Killingly School District","901540500","2019-2020","Eligible for Free or Reduced-Price Meals","Percent","Suspensions","9.3"
"LEARN","","2009-2010","Eligible for Free or Reduced-Price Meals","Percent","Suspensions","3.0"
"LEARN","","2010-2011","Eligible for Free or Reduced-Price Meals","Percent","Suspensions","4.2"
"LEARN","","2011-2012","Eligible for Free or Reduced-Price Meals","Percent","Suspensions","6.7"
"LEARN","","2012-2013","Eligible for Free or Reduced-Price Meals","Percent","Suspensions","8.6"
"LEARN","","2013-2014","Eligible for Free or Reduced-Price Meals","Percent","Suspensions","7.1"
"LEARN","","2014-2015","Eligible for Free or Reduced-Price Meals","Percent","Suspensions","5.6"
"LEARN","","2015-2016","Eligible for Free or Reduced-Price Meals","Percent","Suspensions","8.0"
"LEARN","","2016-2017","Eligible for Free or Reduced-Price Meals","Percent","Suspensions","11.8"
"LEARN","","2017-2018","Eligible for Free or Reduced-Price Meals","Percent","Suspensions","11.3"
"LEARN","","2018-2019","Eligible for Free or Reduced-Price Meals","Percent","Suspensions","11.2"
"LEARN","","2019-2020","Eligible for Free or Reduced-Price Meals","Percent","Suspensions","6.9"
"Lebanon School District","901142390","2009-2010","Eligible for Free or Reduced-Price Meals","Percent","Suspensions","9.2"
"Lebanon School District","901142390","2010-2011","Eligible for Free or Reduced-Price Meals","Percent","Suspensions","10.3"
"Lebanon School District","901142390","2011-2012","Eligible for Free or Reduced-Price Meals","Percent","Suspensions","12.0"
"Lebanon School District","901142390","2012-2013","Eligible for Free or Reduced-Price Meals","Percent","Suspensions","9.0"
"Lebanon School District","901142390","2013-2014","Eligible for Free or Reduced-Price Meals","Percent","Suspensions","-9999"
"Lebanon School District","901142390","2014-2015","Eligible for Free or Reduced-Price Meals","Percent","Suspensions","4.3"
"Lebanon School District","901142390","2015-2016","Eligible for Free or Reduced-Price Meals","Percent","Suspensions","3.0"
"Lebanon School District","901142390","2016-2017","Eligible for Free or Reduced-Price Meals","Percent","Suspensions","5.3"
"Lebanon School District","901142390","2017-2018","Eligible for Free or Reduced-Price Meals","Percent","Suspensions","9.8"
"Lebanon School District","901142390","2018-2019","Eligible for Free or Reduced-Price Meals","Percent","Suspensions","7.6"
"Lebanon School District","901142390","2019-2020","Eligible for Free or Reduced-Price Meals","Percent","Suspensions","6.4"
"Ledyard School District","901142600","2009-2010","Eligible for Free or Reduced-Price Meals","Percent","Suspensions","9.7"
"Ledyard School District","901142600","2010-2011","Eligible for Free or Reduced-Price Meals","Percent","Suspensions","6.5"
"Ledyard School District","901142600","2011-2012","Eligible for Free or Reduced-Price Meals","Percent","Suspensions","9.5"
"Ledyard School District","901142600","2012-2013","Eligible for Free or Reduced-Price Meals","Percent","Suspensions","9.8"
"Ledyard School District","901142600","2013-2014","Eligible for Free or Reduced-Price Meals","Percent","Suspensions","7.7"
"Ledyard School District","901142600","2014-2015","Eligible for Free or Reduced-Price Meals","Percent","Suspensions","9.9"
"Ledyard School District","901142600","2015-2016","Eligible for Free or Reduced-Price Meals","Percent","Suspensions","8.4"
"Ledyard School District","901142600","2016-2017","Eligible for Free or Reduced-Price Meals","Percent","Suspensions","10.2"
"Ledyard School District","901142600","2017-2018","Eligible for Free or Reduced-Price Meals","Percent","Suspensions","9.5"
"Ledyard School District","901142600","2018-2019","Eligible for Free or Reduced-Price Meals","Percent","Suspensions","7.9"
"Ledyard School District","901142600","2019-2020","Eligible for Free or Reduced-Price Meals","Percent","Suspensions","4.9"
"Lisbon School District","","2009-2010","Eligible for Free or Reduced-Price Meals","Percent","Suspensions","-9999"
"Lisbon School District","","2010-2011","Eligible for Free or Reduced-Price Meals","Percent","Suspensions","5.8"
"Lisbon School District","","2011-2012","Eligible for Free or Reduced-Price Meals","Percent","Suspensions","7.6"
"Lisbon School District","","2012-2013","Eligible for Free or Reduced-Price Meals","Percent","Suspensions","8.2"
"Lisbon School District","","2013-2014","Eligible for Free or Reduced-Price Meals","Percent","Suspensions","-6666"
"Lisbon School District","","2014-2015","Eligible for Free or Reduced-Price Meals","Percent","Suspensions","-9999"
"Lisbon School District","","2015-2016","Eligible for Free or Reduced-Price Meals","Percent","Suspensions","-9999"
"Lisbon School District","","2016-2017","Eligible for Free or Reduced-Price Meals","Percent","Suspensions","-9999"
"Lisbon School District","","2017-2018","Eligible for Free or Reduced-Price Meals","Percent","Suspensions","6.5"
"Lisbon School District","","2018-2019","Eligible for Free or Reduced-Price Meals","Percent","Suspensions","11.9"
"Lisbon School District","","2019-2020","Eligible for Free or Reduced-Price Meals","Percent","Suspensions","7.6"
"Litchfield School District","900543370","2009-2010","Eligible for Free or Reduced-Price Meals","Percent","Suspensions","10.4"
"Litchfield School District","900543370","2010-2011","Eligible for Free or Reduced-Price Meals","Percent","Suspensions","9.7"
"Litchfield School District","900543370","2011-2012","Eligible for Free or Reduced-Price Meals","Percent","Suspensions","9.9"
"Litchfield School District","900543370","2012-2013","Eligible for Free or Reduced-Price Meals","Percent","Suspensions","7.4"
"Litchfield School District","900543370","2013-2014","Eligible for Free or Reduced-Price Meals","Percent","Suspensions","6.6"
"Litchfield School District","900543370","2014-2015","Eligible for Free or Reduced-Price Meals","Percent","Suspensions","6.6"
"Litchfield School District","900543370","2015-2016","Eligible for Free or Reduced-Price Meals","Percent","Suspensions","9.0"
"Litchfield School District","900543370","2016-2017","Eligible for Free or Reduced-Price Meals","Percent","Suspensions","4.8"
"Litchfield School District","900543370","2017-2018","Eligible for Free or Reduced-Price Meals","Percent","Suspensions","7.5"
"Litchfield School District","900543370","2018-2019","Eligible for Free or Reduced-Price Meals","Percent","Suspensions","6.6"
"Litchfield School District","900543370","2019-2020","Eligible for Free or Reduced-Price Meals","Percent","Suspensions","-9999"
"Madison School District","900944560","2009-2010","Eligible for Free or Reduced-Price Meals","Percent","Suspensions","8.9"
"Madison School District","900944560","2010-2011","Eligible for Free or Reduced-Price Meals","Percent","Suspensions","5.8"
"Madison School District","900944560","2011-2012","Eligible for Free or Reduced-Price Meals","Percent","Suspensions","-9999"
"Madison School District","900944560","2012-2013","Eligible for Free or Reduced-Price Meals","Percent","Suspensions","3.2"
"Madison School District","900944560","2013-2014","Eligible for Free or Reduced-Price Meals","Percent","Suspensions","3.2"
"Madison School District","900944560","2014-2015","Eligible for Free or Reduced-Price Meals","Percent","Suspensions","4.3"
"Madison School District","900944560","2015-2016","Eligible for Free or Reduced-Price Meals","Percent","Suspensions","4.2"
"Madison School District","900944560","2016-2017","Eligible for Free or Reduced-Price Meals","Percent","Suspensions","4.8"
"Madison School District","900944560","2017-2018","Eligible for Free or Reduced-Price Meals","Percent","Suspensions","8.2"
"Madison School District","900944560","2018-2019","Eligible for Free or Reduced-Price Meals","Percent","Suspensions","-9999"
"Madison School District","900944560","2019-2020","Eligible for Free or Reduced-Price Meals","Percent","Suspensions","5.9"
"Manchester School District","900344700","2009-2010","Eligible for Free or Reduced-Price Meals","Percent","Suspensions","16.2"
"Manchester School District","900344700","2010-2011","Eligible for Free or Reduced-Price Meals","Percent","Suspensions","13.7"
"Manchester School District","900344700","2011-2012","Eligible for Free or Reduced-Price Meals","Percent","Suspensions","14.4"
"Manchester School District","900344700","2012-2013","Eligible for Free or Reduced-Price Meals","Percent","Suspensions","13.4"
"Manchester School District","900344700","2013-2014","Eligible for Free or Reduced-Price Meals","Percent","Suspensions","13.5"
"Manchester School District","900344700","2014-2015","Eligible for Free or Reduced-Price Meals","Percent","Suspensions","11.6"
"Manchester School District","900344700","2015-2016","Eligible for Free or Reduced-Price Meals","Percent","Suspensions","12.5"
"Manchester School District","900344700","2016-2017","Eligible for Free or Reduced-Price Meals","Percent","Suspensions","12.4"
"Manchester School District","900344700","2017-2018","Eligible for Free or Reduced-Price Meals","Percent","Suspensions","11.0"
"Manchester School District","900344700","2018-2019","Eligible for Free or Reduced-Price Meals","Percent","Suspensions","14.4"
"Manchester School District","900344700","2019-2020","Eligible for Free or Reduced-Price Meals","Percent","Suspensions","9.2"
"Mansfield School District","","2009-2010","Eligible for Free or Reduced-Price Meals","Percent","Suspensions","3.9"
"Mansfield School District","","2010-2011","Eligible for Free or Reduced-Price Meals","Percent","Suspensions","3.4"
"Mansfield School District","","2011-2012","Eligible for Free or Reduced-Price Meals","Percent","Suspensions","3.6"
"Mansfield School District","","2012-2013","Eligible for Free or Reduced-Price Meals","Percent","Suspensions","4.0"
"Mansfield School District","","2013-2014","Eligible for Free or Reduced-Price Meals","Percent","Suspensions","3.8"
"Mansfield School District","","2014-2015","Eligible for Free or Reduced-Price Meals","Percent","Suspensions","4.0"
"Mansfield School District","","2015-2016","Eligible for Free or Reduced-Price Meals","Percent","Suspensions","2.4"
"Mansfield School District","","2016-2017","Eligible for Free or Reduced-Price Meals","Percent","Suspensions","4.8"
"Mansfield School District","","2017-2018","Eligible for Free or Reduced-Price Meals","Percent","Suspensions","4.1"
"Mansfield School District","","2018-2019","Eligible for Free or Reduced-Price Meals","Percent","Suspensions","4.5"
"Mansfield School District","","2019-2020","Eligible for Free or Reduced-Price Meals","Percent","Suspensions","1.8"
"Marlborough School District","","2009-2010","Eligible for Free or Reduced-Price Meals","Percent","Suspensions","-6666"
"Marlborough School District","","2010-2011","Eligible for Free or Reduced-Price Meals","Percent","Suspensions","-9999"
"Marlborough School District","","2011-2012","Eligible for Free or Reduced-Price Meals","Percent","Suspensions","-6666"
"Marlborough School District","","2012-2013","Eligible for Free or Reduced-Price Meals","Percent","Suspensions","-9999"
"Marlborough School District","","2013-2014","Eligible for Free or Reduced-Price Meals","Percent","Suspensions","-9999"
"Marlborough School District","","2014-2015","Eligible for Free or Reduced-Price Meals","Percent","Suspensions","-6666"
"Marlborough School District","","2015-2016","Eligible for Free or Reduced-Price Meals","Percent","Suspensions","-6666"
"Marlborough School District","","2016-2017","Eligible for Free or Reduced-Price Meals","Percent","Suspensions","-9999"
"Marlborough School District","","2017-2018","Eligible for Free or Reduced-Price Meals","Percent","Suspensions","-6666"
"Marlborough School District","","2018-2019","Eligible for Free or Reduced-Price Meals","Percent","Suspensions","-6666"
"Marlborough School District","","2019-2020","Eligible for Free or Reduced-Price Meals","Percent","Suspensions","-6666"
"Meriden School District","900946520","2009-2010","Eligible for Free or Reduced-Price Meals","Percent","Suspensions","24.2"
"Meriden School District","900946520","2010-2011","Eligible for Free or Reduced-Price Meals","Percent","Suspensions","22.5"
"Meriden School District","900946520","2011-2012","Eligible for Free or Reduced-Price Meals","Percent","Suspensions","20.8"
"Meriden School District","900946520","2012-2013","Eligible for Free or Reduced-Price Meals","Percent","Suspensions","16.7"
"Meriden School District","900946520","2013-2014","Eligible for Free or Reduced-Price Meals","Percent","Suspensions","13.2"
"Meriden School District","900946520","2014-2015","Eligible for Free or Reduced-Price Meals","Percent","Suspensions","12.4"
"Meriden School District","900946520","2015-2016","Eligible for Free or Reduced-Price Meals","Percent","Suspensions","9.6"
"Meriden School District","900946520","2016-2017","Eligible for Free or Reduced-Price Meals","Percent","Suspensions","9.0"
"Meriden School District","900946520","2017-2018","Eligible for Free or Reduced-Price Meals","Percent","Suspensions","8.4"
"Meriden School District","900946520","2018-2019","Eligible for Free or Reduced-Price Meals","Percent","Suspensions","7.2"
"Meriden School District","900946520","2019-2020","Eligible for Free or Reduced-Price Meals","Percent","Suspensions","6.1"
"Middletown School District","900747360","2009-2010","Eligible for Free or Reduced-Price Meals","Percent","Suspensions","16.8"
"Middletown School District","900747360","2010-2011","Eligible for Free or Reduced-Price Meals","Percent","Suspensions","13.9"
"Middletown School District","900747360","2011-2012","Eligible for Free or Reduced-Price Meals","Percent","Suspensions","12.7"
"Middletown School District","900747360","2012-2013","Eligible for Free or Reduced-Price Meals","Percent","Suspensions","12.9"
"Middletown School District","900747360","2013-2014","Eligible for Free or Reduced-Price Meals","Percent","Suspensions","11.2"
"Middletown School District","900747360","2014-2015","Eligible for Free or Reduced-Price Meals","Percent","Suspensions","12.5"
"Middletown School District","900747360","2015-2016","Eligible for Free or Reduced-Price Meals","Percent","Suspensions","13.7"
"Middletown School District","900747360","2016-2017","Eligible for Free or Reduced-Price Meals","Percent","Suspensions","11.6"
"Middletown School District","900747360","2017-2018","Eligible for Free or Reduced-Price Meals","Percent","Suspensions","10.9"
"Middletown School District","900747360","2018-2019","Eligible for Free or Reduced-Price Meals","Percent","Suspensions","12.5"
"Middletown School District","900747360","2019-2020","Eligible for Free or Reduced-Price Meals","Percent","Suspensions","8.4"
"Milford School District","900947535","2009-2010","Eligible for Free or Reduced-Price Meals","Percent","Suspensions","9.4"
"Milford School District","900947535","2010-2011","Eligible for Free or Reduced-Price Meals","Percent","Suspensions","6.9"
"Milford School District","900947535","2011-2012","Eligible for Free or Reduced-Price Meals","Percent","Suspensions","11.6"
"Milford School District","900947535","2012-2013","Eligible for Free or Reduced-Price Meals","Percent","Suspensions","10.6"
"Milford School District","900947535","2013-2014","Eligible for Free or Reduced-Price Meals","Percent","Suspensions","10.8"
"Milford School District","900947535","2014-2015","Eligible for Free or Reduced-Price Meals","Percent","Suspensions","10.7"
"Milford School District","900947535","2015-2016","Eligible for Free or Reduced-Price Meals","Percent","Suspensions","11.6"
"Milford School District","900947535","2016-2017","Eligible for Free or Reduced-Price Meals","Percent","Suspensions","10.9"
"Milford School District","900947535","2017-2018","Eligible for Free or Reduced-Price Meals","Percent","Suspensions","13.0"
"Milford School District","900947535","2018-2019","Eligible for Free or Reduced-Price Meals","Percent","Suspensions","9.3"
"Milford School District","900947535","2019-2020","Eligible for Free or Reduced-Price Meals","Percent","Suspensions","5.8"
"Monroe School District","900148620","2009-2010","Eligible for Free or Reduced-Price Meals","Percent","Suspensions","5.6"
"Monroe School District","900148620","2010-2011","Eligible for Free or Reduced-Price Meals","Percent","Suspensions","4.0"
"Monroe School District","900148620","2011-2012","Eligible for Free or Reduced-Price Meals","Percent","Suspensions","5.2"
"Monroe School District","900148620","2012-2013","Eligible for Free or Reduced-Price Meals","Percent","Suspensions","3.2"
"Monroe School District","900148620","2013-2014","Eligible for Free or Reduced-Price Meals","Percent","Suspensions","3.4"
"Monroe School District","900148620","2014-2015","Eligible for Free or Reduced-Price Meals","Percent","Suspensions","5.5"
"Monroe School District","900148620","2015-2016","Eligible for Free or Reduced-Price Meals","Percent","Suspensions","4.3"
"Monroe School District","900148620","2016-2017","Eligible for Free or Reduced-Price Meals","Percent","Suspensions","5.9"
"Monroe School District","900148620","2017-2018","Eligible for Free or Reduced-Price Meals","Percent","Suspensions","3.6"
"Monroe School District","900148620","2018-2019","Eligible for Free or Reduced-Price Meals","Percent","Suspensions","4.3"
"Monroe School District","900148620","2019-2020","Eligible for Free or Reduced-Price Meals","Percent","Suspensions","2.0"
"Montville School District","901148900","2009-2010","Eligible for Free or Reduced-Price Meals","Percent","Suspensions","13.6"
"Montville School District","901148900","2010-2011","Eligible for Free or Reduced-Price Meals","Percent","Suspensions","13.5"
"Montville School District","901148900","2011-2012","Eligible for Free or Reduced-Price Meals","Percent","Suspensions","16.3"
"Montville School District","901148900","2012-2013","Eligible for Free or Reduced-Price Meals","Percent","Suspensions","8.9"
"Montville School District","901148900","2013-2014","Eligible for Free or Reduced-Price Meals","Percent","Suspensions","8.4"
"Montville School District","901148900","2014-2015","Eligible for Free or Reduced-Price Meals","Percent","Suspensions","7.9"
"Montville School District","901148900","2015-2016","Eligible for Free or Reduced-Price Meals","Percent","Suspensions","6.4"
"Montville School District","901148900","2016-2017","Eligible for Free or Reduced-Price Meals","Percent","Suspensions","6.9"
"Montville School District","901148900","2017-2018","Eligible for Free or Reduced-Price Meals","Percent","Suspensions","10.4"
"Montville School District","901148900","2018-2019","Eligible for Free or Reduced-Price Meals","Percent","Suspensions","9.1"
"Montville School District","901148900","2019-2020","Eligible for Free or Reduced-Price Meals","Percent","Suspensions","6.1"
"Naugatuck School District","900949950","2009-2010","Eligible for Free or Reduced-Price Meals","Percent","Suspensions","14.2"
"Naugatuck School District","900949950","2010-2011","Eligible for Free or Reduced-Price Meals","Percent","Suspensions","16.1"
"Naugatuck School District","900949950","2011-2012","Eligible for Free or Reduced-Price Meals","Percent","Suspensions","14.9"
"Naugatuck School District","900949950","2012-2013","Eligible for Free or Reduced-Price Meals","Percent","Suspensions","11.3"
"Naugatuck School District","900949950","2013-2014","Eligible for Free or Reduced-Price Meals","Percent","Suspensions","11.8"
"Naugatuck School District","900949950","2014-2015","Eligible for Free or Reduced-Price Meals","Percent","Suspensions","11.3"
"Naugatuck School District","900949950","2015-2016","Eligible for Free or Reduced-Price Meals","Percent","Suspensions","10.1"
"Naugatuck School District","900949950","2016-2017","Eligible for Free or Reduced-Price Meals","Percent","Suspensions","11.8"
"Naugatuck School District","900949950","2017-2018","Eligible for Free or Reduced-Price Meals","Percent","Suspensions","9.8"
"Naugatuck School District","900949950","2018-2019","Eligible for Free or Reduced-Price Meals","Percent","Suspensions","11.9"
"Naugatuck School District","900949950","2019-2020","Eligible for Free or Reduced-Price Meals","Percent","Suspensions","7.8"
"New Beginnings Inc. Family Academy District","","2009-2010","Eligible for Free or Reduced-Price Meals","Percent","Suspensions","19.3"
"New Beginnings Inc. Family Academy District","","2010-2011","Eligible for Free or Reduced-Price Meals","Percent","Suspensions","19.9"
"New Beginnings Inc. Family Academy District","","2011-2012","Eligible for Free or Reduced-Price Meals","Percent","Suspensions","15.6"
"New Beginnings Inc. Family Academy District","","2012-2013","Eligible for Free or Reduced-Price Meals","Percent","Suspensions","25.2"
"New Beginnings Inc. Family Academy District","","2013-2014","Eligible for Free or Reduced-Price Meals","Percent","Suspensions","23.8"
"New Beginnings Inc. Family Academy District","","2014-2015","Eligible for Free or Reduced-Price Meals","Percent","Suspensions","13.0"
"New Beginnings Inc. Family Academy District","","2015-2016","Eligible for Free or Reduced-Price Meals","Percent","Suspensions","16.6"
"New Beginnings Inc. Family Academy District","","2016-2017","Eligible for Free or Reduced-Price Meals","Percent","Suspensions","-9999"
"New Beginnings Inc. Family Academy District","","2017-2018","Eligible for Free or Reduced-Price Meals","Percent","Suspensions","-9999"
"New Beginnings Inc. Family Academy District","","2018-2019","Eligible for Free or Reduced-Price Meals","Percent","Suspensions","-9999"
"New Beginnings Inc. Family Academy District","","2019-2020","Eligible for Free or Reduced-Price Meals","Percent","Suspensions","1.3"
"New Britain School District","900350440","2009-2010","Eligible for Free or Reduced-Price Meals","Percent","Suspensions","19.3"
"New Britain School District","900350440","2010-2011","Eligible for Free or Reduced-Price Meals","Percent","Suspensions","12.2"
"New Britain School District","900350440","2011-2012","Eligible for Free or Reduced-Price Meals","Percent","Suspensions","19.5"
"New Britain School District","900350440","2012-2013","Eligible for Free or Reduced-Price Meals","Percent","Suspensions","20.0"
"New Britain School District","900350440","2013-2014","Eligible for Free or Reduced-Price Meals","Percent","Suspensions","21.3"
"New Britain School District","900350440","2014-2015","Eligible for Free or Reduced-Price Meals","Percent","Suspensions","16.3"
"New Britain School District","900350440","2015-2016","Eligible for Free or Reduced-Price Meals","Percent","Suspensions","15.0"
"New Britain School District","900350440","2016-2017","Eligible for Free or Reduced-Price Meals","Percent","Suspensions","12.8"
"New Britain School District","900350440","2017-2018","Eligible for Free or Reduced-Price Meals","Percent","Suspensions","11.4"
"New Britain School District","900350440","2018-2019","Eligible for Free or Reduced-Price Meals","Percent","Suspensions","11.9"
"New Britain School District","900350440","2019-2020","Eligible for Free or Reduced-Price Meals","Percent","Suspensions","9.8"
"New Canaan School District","","2009-2010","Eligible for Free or Reduced-Price Meals","Percent","Suspensions","0"
"New Canaan School District","","2010-2011","Eligible for Free or Reduced-Price Meals","Percent","Suspensions","0"
"New Canaan School District","","2011-2012","Eligible for Free or Reduced-Price Meals","Percent","Suspensions","0"
"New Canaan School District","","2012-2013","Eligible for Free or Reduced-Price Meals","Percent","Suspensions","0"
"New Canaan School District","","2013-2014","Eligible for Free or Reduced-Price Meals","Percent","Suspensions","0"
"New Canaan School District","","2014-2015","Eligible for Free or Reduced-Price Meals","Percent","Suspensions","0"
"New Canaan School District","","2015-2016","Eligible for Free or Reduced-Price Meals","Percent","Suspensions","0"
"New Canaan School District","","2016-2017","Eligible for Free or Reduced-Price Meals","Percent","Suspensions","0"
"New Canaan School District","900150580","2017-2018","Eligible for Free or Reduced-Price Meals","Percent","Suspensions","-9999"
"New Canaan School District","900150580","2018-2019","Eligible for Free or Reduced-Price Meals","Percent","Suspensions","-9999"
"New Canaan School District","900150580","2019-2020","Eligible for Free or Reduced-Price Meals","Percent","Suspensions","-9999"
"New Fairfield School District","900150860","2009-2010","Eligible for Free or Reduced-Price Meals","Percent","Suspensions","7.4"
"New Fairfield School District","900150860","2010-2011","Eligible for Free or Reduced-Price Meals","Percent","Suspensions","9.0"
"New Fairfield School District","900150860","2011-2012","Eligible for Free or Reduced-Price Meals","Percent","Suspensions","8.1"
"New Fairfield School District","900150860","2012-2013","Eligible for Free or Reduced-Price Meals","Percent","Suspensions","9.4"
"New Fairfield School District","900150860","2013-2014","Eligible for Free or Reduced-Price Meals","Percent","Suspensions","7.7"
"New Fairfield School District","900150860","2014-2015","Eligible for Free or Reduced-Price Meals","Percent","Suspensions","7.2"
"New Fairfield School District","900150860","2015-2016","Eligible for Free or Reduced-Price Meals","Percent","Suspensions","6.7"
"New Fairfield School District","900150860","2016-2017","Eligible for Free or Reduced-Price Meals","Percent","Suspensions","4.7"
"New Fairfield School District","900150860","2017-2018","Eligible for Free or Reduced-Price Meals","Percent","Suspensions","5.4"
"New Fairfield School District","900150860","2018-2019","Eligible for Free or Reduced-Price Meals","Percent","Suspensions","3.7"
"New Fairfield School District","900150860","2019-2020","Eligible for Free or Reduced-Price Meals","Percent","Suspensions","3.9"
"New Hartford School District","","2009-2010","Eligible for Free or Reduced-Price Meals","Percent","Suspensions","-9999"
"New Hartford School District","","2010-2011","Eligible for Free or Reduced-Price Meals","Percent","Suspensions","-9999"
"New Hartford School District","","2011-2012","Eligible for Free or Reduced-Price Meals","Percent","Suspensions","-6666"
"New Hartford School District","","2012-2013","Eligible for Free or Reduced-Price Meals","Percent","Suspensions","-6666"
"New Hartford School District","","2013-2014","Eligible for Free or Reduced-Price Meals","Percent","Suspensions","-9999"
"New Hartford School District","","2014-2015","Eligible for Free or Reduced-Price Meals","Percent","Suspensions","-9999"
"New Hartford School District","","2015-2016","Eligible for Free or Reduced-Price Meals","Percent","Suspensions","-6666"
"New Hartford School District","","2016-2017","Eligible for Free or Reduced-Price Meals","Percent","Suspensions","-6666"
"New Hartford School District","","2017-2018","Eligible for Free or Reduced-Price Meals","Percent","Suspensions","-9999"
"New Hartford School District","","2018-2019","Eligible for Free or Reduced-Price Meals","Percent","Suspensions","-9999"
"New Hartford School District","","2019-2020","Eligible for Free or Reduced-Price Meals","Percent","Suspensions","-9999"
"New Haven School District","900952070","2009-2010","Eligible for Free or Reduced-Price Meals","Percent","Suspensions","15.1"
"New Haven School District","900952070","2010-2011","Eligible for Free or Reduced-Price Meals","Percent","Suspensions","11.0"
"New Haven School District","900952070","2011-2012","Eligible for Free or Reduced-Price Meals","Percent","Suspensions","11.7"
"New Haven School District","900952070","2012-2013","Eligible for Free or Reduced-Price Meals","Percent","Suspensions","8.7"
"New Haven School District","900952070","2013-2014","Eligible for Free or Reduced-Price Meals","Percent","Suspensions","8.5"
"New Haven School District","900952070","2014-2015","Eligible for Free or Reduced-Price Meals","Percent","Suspensions","10.8"
"New Haven School District","900952070","2015-2016","Eligible for Free or Reduced-Price Meals","Percent","Suspensions","10.5"
"New Haven School District","900952070","2016-2017","Eligible for Free or Reduced-Price Meals","Percent","Suspensions","9.1"
"New Haven School District","900952070","2017-2018","Eligible for Free or Reduced-Price Meals","Percent","Suspensions","9.2"
"New Haven School District","900952070","2018-2019","Eligible for Free or Reduced-Price Meals","Percent","Suspensions","8.8"
"New Haven School District","900952070","2019-2020","Eligible for Free or Reduced-Price Meals","Percent","Suspensions","5.3"
"New London School District","901152350","2009-2010","Eligible for Free or Reduced-Price Meals","Percent","Suspensions","18.2"
"New London School District","901152350","2010-2011","Eligible for Free or Reduced-Price Meals","Percent","Suspensions","22.6"
"New London School District","901152350","2011-2012","Eligible for Free or Reduced-Price Meals","Percent","Suspensions","18.7"
"New London School District","901152350","2012-2013","Eligible for Free or Reduced-Price Meals","Percent","Suspensions","21.6"
"New London School District","901152350","2013-2014","Eligible for Free or Reduced-Price Meals","Percent","Suspensions","21.7"
"New London School District","901152350","2014-2015","Eligible for Free or Reduced-Price Meals","Percent","Suspensions","21.9"
"New London School District","901152350","2015-2016","Eligible for Free or Reduced-Price Meals","Percent","Suspensions","18.7"
"New London School District","901152350","2016-2017","Eligible for Free or Reduced-Price Meals","Percent","Suspensions","13.1"
"New London School District","901152350","2017-2018","Eligible for Free or Reduced-Price Meals","Percent","Suspensions","11.2"
"New London School District","901152350","2018-2019","Eligible for Free or Reduced-Price Meals","Percent","Suspensions","9.1"
"New London School District","901152350","2019-2020","Eligible for Free or Reduced-Price Meals","Percent","Suspensions","8.2"
"New Milford School District","900552630","2009-2010","Eligible for Free or Reduced-Price Meals","Percent","Suspensions","14.6"
"New Milford School District","900552630","2010-2011","Eligible for Free or Reduced-Price Meals","Percent","Suspensions","11.1"
"New Milford School District","900552630","2011-2012","Eligible for Free or Reduced-Price Meals","Percent","Suspensions","9.4"
"New Milford School District","900552630","2012-2013","Eligible for Free or Reduced-Price Meals","Percent","Suspensions","9.5"
"New Milford School District","900552630","2013-2014","Eligible for Free or Reduced-Price Meals","Percent","Suspensions","10.9"
"New Milford School District","900552630","2014-2015","Eligible for Free or Reduced-Price Meals","Percent","Suspensions","9.1"
"New Milford School District","900552630","2015-2016","Eligible for Free or Reduced-Price Meals","Percent","Suspensions","9.3"
"New Milford School District","900552630","2016-2017","Eligible for Free or Reduced-Price Meals","Percent","Suspensions","10.2"
"New Milford School District","900552630","2017-2018","Eligible for Free or Reduced-Price Meals","Percent","Suspensions","8.8"
"New Milford School District","900552630","2018-2019","Eligible for Free or Reduced-Price Meals","Percent","Suspensions","8.8"
"New Milford School District","900552630","2019-2020","Eligible for Free or Reduced-Price Meals","Percent","Suspensions","7.2"
"Newington School District","900352140","2009-2010","Eligible for Free or Reduced-Price Meals","Percent","Suspensions","12.0"
"Newington School District","900352140","2010-2011","Eligible for Free or Reduced-Price Meals","Percent","Suspensions","12.7"
"Newington School District","900352140","2011-2012","Eligible for Free or Reduced-Price Meals","Percent","Suspensions","13.2"
"Newington School District","900352140","2012-2013","Eligible for Free or Reduced-Price Meals","Percent","Suspensions","12.6"
"Newington School District","900352140","2013-2014","Eligible for Free or Reduced-Price Meals","Percent","Suspensions","12.5"
"Newington School District","900352140","2014-2015","Eligible for Free or Reduced-Price Meals","Percent","Suspensions","10.6"
"Newington School District","900352140","2015-2016","Eligible for Free or Reduced-Price Meals","Percent","Suspensions","9.5"
"Newington School District","900352140","2016-2017","Eligible for Free or Reduced-Price Meals","Percent","Suspensions","7.8"
"Newington School District","900352140","2017-2018","Eligible for Free or Reduced-Price Meals","Percent","Suspensions","7.7"
"Newington School District","900352140","2018-2019","Eligible for Free or Reduced-Price Meals","Percent","Suspensions","7.4"
"Newington School District","900352140","2019-2020","Eligible for Free or Reduced-Price Meals","Percent","Suspensions","5.6"
"Newtown School District","900152980","2009-2010","Eligible for Free or Reduced-Price Meals","Percent","Suspensions","7.0"
"Newtown School District","900152980","2010-2011","Eligible for Free or Reduced-Price Meals","Percent","Suspensions","9.1"
"Newtown School District","900152980","2011-2012","Eligible for Free or Reduced-Price Meals","Percent","Suspensions","7.1"
"Newtown School District","900152980","2012-2013","Eligible for Free or Reduced-Price Meals","Percent","Suspensions","5.2"
"Newtown School District","900152980","2013-2014","Eligible for Free or Reduced-Price Meals","Percent","Suspensions","5.7"
"Newtown School District","900152980","2014-2015","Eligible for Free or Reduced-Price Meals","Percent","Suspensions","7.8"
"Newtown School District","900152980","2015-2016","Eligible for Free or Reduced-Price Meals","Percent","Suspensions","6.9"
"Newtown School District","900152980","2016-2017","Eligible for Free or Reduced-Price Meals","Percent","Suspensions","7.2"
"Newtown School District","900152980","2017-2018","Eligible for Free or Reduced-Price Meals","Percent","Suspensions","5.2"
"Newtown School District","900152980","2018-2019","Eligible for Free or Reduced-Price Meals","Percent","Suspensions","4.6"
"Newtown School District","900152980","2019-2020","Eligible for Free or Reduced-Price Meals","Percent","Suspensions","4.2"
"Norfolk School District","","2009-2010","Eligible for Free or Reduced-Price Meals","Percent","Suspensions","-9999"
"Norfolk School District","","2010-2011","Eligible for Free or Reduced-Price Meals","Percent","Suspensions","-9999"
"Norfolk School District","","2011-2012","Eligible for Free or Reduced-Price Meals","Percent","Suspensions","-6666"
"Norfolk School District","","2012-2013","Eligible for Free or Reduced-Price Meals","Percent","Suspensions","-6666"
"Norfolk School District","","2013-2014","Eligible for Free or Reduced-Price Meals","Percent","Suspensions","-6666"
"Norfolk School District","","2014-2015","Eligible for Free or Reduced-Price Meals","Percent","Suspensions","-9999"
"Norfolk School District","","2015-2016","Eligible for Free or Reduced-Price Meals","Percent","Suspensions","-9999"
"Norfolk School District","","2016-2017","Eligible for Free or Reduced-Price Meals","Percent","Suspensions","-9999"
"Norfolk School District","","2017-2018","Eligible for Free or Reduced-Price Meals","Percent","Suspensions","-9999"
"Norfolk School District","","2018-2019","Eligible for Free or Reduced-Price Meals","Percent","Suspensions","-9999"
"Norfolk School District","","2019-2020","Eligible for Free or Reduced-Price Meals","Percent","Suspensions","-6666"
"North Branford School District","900953890","2009-2010","Eligible for Free or Reduced-Price Meals","Percent","Suspensions","21.2"
"North Branford School District","900953890","2010-2011","Eligible for Free or Reduced-Price Meals","Percent","Suspensions","20.8"
"North Branford School District","900953890","2011-2012","Eligible for Free or Reduced-Price Meals","Percent","Suspensions","16.1"
"North Branford School District","900953890","2012-2013","Eligible for Free or Reduced-Price Meals","Percent","Suspensions","15.1"
"North Branford School District","900953890","2013-2014","Eligible for Free or Reduced-Price Meals","Percent","Suspensions","13.6"
"North Branford School District","900953890","2014-2015","Eligible for Free or Reduced-Price Meals","Percent","Suspensions","12.9"
"North Branford School District","900953890","2015-2016","Eligible for Free or Reduced-Price Meals","Percent","Suspensions","9.8"
"North Branford School District","900953890","2016-2017","Eligible for Free or Reduced-Price Meals","Percent","Suspensions","8.5"
"North Branford School District","900953890","2017-2018","Eligible for Free or Reduced-Price Meals","Percent","Suspensions","8.9"
"North Branford School District","900953890","2018-2019","Eligible for Free or Reduced-Price Meals","Percent","Suspensions","9.0"
"North Branford School District","900953890","2019-2020","Eligible for Free or Reduced-Price Meals","Percent","Suspensions","7.4"
"North Canaan School District","","2009-2010","Eligible for Free or Reduced-Price Meals","Percent","Suspensions","-9999"
"North Canaan School District","","2010-2011","Eligible for Free or Reduced-Price Meals","Percent","Suspensions","-9999"
"North Canaan School District","","2011-2012","Eligible for Free or Reduced-Price Meals","Percent","Suspensions","-9999"
"North Canaan School District","","2012-2013","Eligible for Free or Reduced-Price Meals","Percent","Suspensions","-9999"
"North Canaan School District","","2013-2014","Eligible for Free or Reduced-Price Meals","Percent","Suspensions","-9999"
"North Canaan School District","","2014-2015","Eligible for Free or Reduced-Price Meals","Percent","Suspensions","-9999"
"North Canaan School District","","2015-2016","Eligible for Free or Reduced-Price Meals","Percent","Suspensions","-6666"
"North Canaan School District","","2016-2017","Eligible for Free or Reduced-Price Meals","Percent","Suspensions","-9999"
"North Canaan School District","","2017-2018","Eligible for Free or Reduced-Price Meals","Percent","Suspensions","-9999"
"North Canaan School District","","2018-2019","Eligible for Free or Reduced-Price Meals","Percent","Suspensions","4.3"
"North Canaan School District","","2019-2020","Eligible for Free or Reduced-Price Meals","Percent","Suspensions","-6666"
"North Haven School District","900954870","2009-2010","Eligible for Free or Reduced-Price Meals","Percent","Suspensions","5.3"
"North Haven School District","900954870","2010-2011","Eligible for Free or Reduced-Price Meals","Percent","Suspensions","8.9"
"North Haven School District","900954870","2011-2012","Eligible for Free or Reduced-Price Meals","Percent","Suspensions","7.8"
"North Haven School District","900954870","2012-2013","Eligible for Free or Reduced-Price Meals","Percent","Suspensions","11.2"
"North Haven School District","900954870","2013-2014","Eligible for Free or Reduced-Price Meals","Percent","Suspensions","9.2"
"North Haven School District","900954870","2014-2015","Eligible for Free or Reduced-Price Meals","Percent","Suspensions","7.7"
"North Haven School District","900954870","2015-2016","Eligible for Free or Reduced-Price Meals","Percent","Suspensions","8.5"
"North Haven School District","900954870","2016-2017","Eligible for Free or Reduced-Price Meals","Percent","Suspensions","9.4"
"North Haven School District","900954870","2017-2018","Eligible for Free or Reduced-Price Meals","Percent","Suspensions","6.5"
"North Haven School District","900954870","2018-2019","Eligible for Free or Reduced-Price Meals","Percent","Suspensions","8.4"
"North Haven School District","900954870","2019-2020","Eligible for Free or Reduced-Price Meals","Percent","Suspensions","5.1"
"North Stonington School District","901155500","2009-2010","Eligible for Free or Reduced-Price Meals","Percent","Suspensions","11.5"
"North Stonington School District","901155500","2010-2011","Eligible for Free or Reduced-Price Meals","Percent","Suspensions","10.9"
"North Stonington School District","901155500","2011-2012","Eligible for Free or Reduced-Price Meals","Percent","Suspensions","14.6"
"North Stonington School District","901155500","2012-2013","Eligible for Free or Reduced-Price Meals","Percent","Suspensions","8.2"
"North Stonington School District","901155500","2013-2014","Eligible for Free or Reduced-Price Meals","Percent","Suspensions","8.1"
"North Stonington School District","901155500","2014-2015","Eligible for Free or Reduced-Price Meals","Percent","Suspensions","9.3"
"North Stonington School District","901155500","2015-2016","Eligible for Free or Reduced-Price Meals","Percent","Suspensions","9.2"
"North Stonington School District","901155500","2016-2017","Eligible for Free or Reduced-Price Meals","Percent","Suspensions","14.3"
"North Stonington School District","901155500","2017-2018","Eligible for Free or Reduced-Price Meals","Percent","Suspensions","8.1"
"North Stonington School District","901155500","2018-2019","Eligible for Free or Reduced-Price Meals","Percent","Suspensions","7.7"
"North Stonington School District","901155500","2019-2020","Eligible for Free or Reduced-Price Meals","Percent","Suspensions","3.2"
"Norwalk School District","900156060","2009-2010","Eligible for Free or Reduced-Price Meals","Percent","Suspensions","12.6"
"Norwalk School District","900156060","2010-2011","Eligible for Free or Reduced-Price Meals","Percent","Suspensions","12.7"
"Norwalk School District","900156060","2011-2012","Eligible for Free or Reduced-Price Meals","Percent","Suspensions","12.5"
"Norwalk School District","900156060","2012-2013","Eligible for Free or Reduced-Price Meals","Percent","Suspensions","11.5"
"Norwalk School District","900156060","2013-2014","Eligible for Free or Reduced-Price Meals","Percent","Suspensions","9.0"
"Norwalk School District","900156060","2014-2015","Eligible for Free or Reduced-Price Meals","Percent","Suspensions","7.2"
"Norwalk School District","900156060","2015-2016","Eligible for Free or Reduced-Price Meals","Percent","Suspensions","7.7"
"Norwalk School District","900156060","2016-2017","Eligible for Free or Reduced-Price Meals","Percent","Suspensions","8.7"
"Norwalk School District","900156060","2017-2018","Eligible for Free or Reduced-Price Meals","Percent","Suspensions","8.2"
"Norwalk School District","900156060","2018-2019","Eligible for Free or Reduced-Price Meals","Percent","Suspensions","6.5"
"Norwalk School District","900156060","2019-2020","Eligible for Free or Reduced-Price Meals","Percent","Suspensions","4.7"
"Norwich Free Academy District","","2009-2010","Eligible for Free or Reduced-Price Meals","Percent","Suspensions","18.8"
"Norwich Free Academy District","","2010-2011","Eligible for Free or Reduced-Price Meals","Percent","Suspensions","27.4"
"Norwich Free Academy District","","2011-2012","Eligible for Free or Reduced-Price Meals","Percent","Suspensions","29.0"
"Norwich Free Academy District","","2012-2013","Eligible for Free or Reduced-Price Meals","Percent","Suspensions","29.5"
"Norwich Free Academy District","","2013-2014","Eligible for Free or Reduced-Price Meals","Percent","Suspensions","23.1"
"Norwich Free Academy District","","2014-2015","Eligible for Free or Reduced-Price Meals","Percent","Suspensions","19.6"
"Norwich Free Academy District","","2015-2016","Eligible for Free or Reduced-Price Meals","Percent","Suspensions","17.6"
"Norwich Free Academy District","","2016-2017","Eligible for Free or Reduced-Price Meals","Percent","Suspensions","21.1"
"Norwich Free Academy District","","2017-2018","Eligible for Free or Reduced-Price Meals","Percent","Suspensions","20.2"
"Norwich Free Academy District","","2018-2019","Eligible for Free or Reduced-Price Meals","Percent","Suspensions","17.2"
"Norwich Free Academy District","","2019-2020","Eligible for Free or Reduced-Price Meals","Percent","Suspensions","15.0"
"Norwich School District","901156270","2009-2010","Eligible for Free or Reduced-Price Meals","Percent","Suspensions","11.0"
"Norwich School District","901156270","2010-2011","Eligible for Free or Reduced-Price Meals","Percent","Suspensions","13.0"
"Norwich School District","901156270","2011-2012","Eligible for Free or Reduced-Price Meals","Percent","Suspensions","12.6"
"Norwich School District","901156270","2012-2013","Eligible for Free or Reduced-Price Meals","Percent","Suspensions","10.8"
"Norwich School District","901156270","2013-2014","Eligible for Free or Reduced-Price Meals","Percent","Suspensions","9.4"
"Norwich School District","901156270","2014-2015","Eligible for Free or Reduced-Price Meals","Percent","Suspensions","7.9"
"Norwich School District","901156270","2015-2016","Eligible for Free or Reduced-Price Meals","Percent","Suspensions","8.6"
"Norwich School District","901156270","2016-2017","Eligible for Free or Reduced-Price Meals","Percent","Suspensions","8.5"
"Norwich School District","901156270","2017-2018","Eligible for Free or Reduced-Price Meals","Percent","Suspensions","10.2"
"Norwich School District","901156270","2018-2019","Eligible for Free or Reduced-Price Meals","Percent","Suspensions","10.7"
"Norwich School District","901156270","2019-2020","Eligible for Free or Reduced-Price Meals","Percent","Suspensions","5.7"
"Odyssey Community School District","","2009-2010","Eligible for Free or Reduced-Price Meals","Percent","Suspensions","-9999"
"Odyssey Community School District","","2010-2011","Eligible for Free or Reduced-Price Meals","Percent","Suspensions","14.0"
"Odyssey Community School District","","2011-2012","Eligible for Free or Reduced-Price Meals","Percent","Suspensions","6.5"
"Odyssey Community School District","","2012-2013","Eligible for Free or Reduced-Price Meals","Percent","Suspensions","4.2"
"Odyssey Community School District","","2013-2014","Eligible for Free or Reduced-Price Meals","Percent","Suspensions","10.2"
"Odyssey Community School District","","2014-2015","Eligible for Free or Reduced-Price Meals","Percent","Suspensions","7.3"
"Odyssey Community School District","","2015-2016","Eligible for Free or Reduced-Price Meals","Percent","Suspensions","-9999"
"Odyssey Community School District","","2016-2017","Eligible for Free or Reduced-Price Meals","Percent","Suspensions","-9999"
"Odyssey Community School District","","2017-2018","Eligible for Free or Reduced-Price Meals","Percent","Suspensions","-9999"
"Odyssey Community School District","","2018-2019","Eligible for Free or Reduced-Price Meals","Percent","Suspensions","-9999"
"Odyssey Community School District","","2019-2020","Eligible for Free or Reduced-Price Meals","Percent","Suspensions","-9999"
"Old Saybrook School District","900757320","2009-2010","Eligible for Free or Reduced-Price Meals","Percent","Suspensions","6.7"
"Old Saybrook School District","900757320","2010-2011","Eligible for Free or Reduced-Price Meals","Percent","Suspensions","7.8"
"Old Saybrook School District","900757320","2011-2012","Eligible for Free or Reduced-Price Meals","Percent","Suspensions","6.0"
"Old Saybrook School District","900757320","2012-2013","Eligible for Free or Reduced-Price Meals","Percent","Suspensions","8.6"
"Old Saybrook School District","900757320","2013-2014","Eligible for Free or Reduced-Price Meals","Percent","Suspensions","4.4"
"Old Saybrook School District","900757320","2014-2015","Eligible for Free or Reduced-Price Meals","Percent","Suspensions","3.8"
"Old Saybrook School District","900757320","2015-2016","Eligible for Free or Reduced-Price Meals","Percent","Suspensions","4.0"
"Old Saybrook School District","900757320","2016-2017","Eligible for Free or Reduced-Price Meals","Percent","Suspensions","5.2"
"Old Saybrook School District","900757320","2017-2018","Eligible for Free or Reduced-Price Meals","Percent","Suspensions","6.2"
"Old Saybrook School District","900757320","2018-2019","Eligible for Free or Reduced-Price Meals","Percent","Suspensions","1.6"
"Old Saybrook School District","900757320","2019-2020","Eligible for Free or Reduced-Price Meals","Percent","Suspensions","1.7"
"Orange School District","","2009-2010","Eligible for Free or Reduced-Price Meals","Percent","Suspensions","-9999"
"Orange School District","","2010-2011","Eligible for Free or Reduced-Price Meals","Percent","Suspensions","-9999"
"Orange School District","","2011-2012","Eligible for Free or Reduced-Price Meals","Percent","Suspensions","-6666"
"Orange School District","","2012-2013","Eligible for Free or Reduced-Price Meals","Percent","Suspensions","-6666"
"Orange School District","","2013-2014","Eligible for Free or Reduced-Price Meals","Percent","Suspensions","-9999"
"Orange School District","","2014-2015","Eligible for Free or Reduced-Price Meals","Percent","Suspensions","-9999"
"Orange School District","","2015-2016","Eligible for Free or Reduced-Price Meals","Percent","Suspensions","-6666"
"Orange School District","","2016-2017","Eligible for Free or Reduced-Price Meals","Percent","Suspensions","-9999"
"Orange School District","","2017-2018","Eligible for Free or Reduced-Price Meals","Percent","Suspensions","-9999"
"Orange School District","","2018-2019","Eligible for Free or Reduced-Price Meals","Percent","Suspensions","-9999"
"Orange School District","","2019-2020","Eligible for Free or Reduced-Price Meals","Percent","Suspensions","-9999"
"Oxford School District","900958300","2009-2010","Eligible for Free or Reduced-Price Meals","Percent","Suspensions","6.2"
"Oxford School District","900958300","2010-2011","Eligible for Free or Reduced-Price Meals","Percent","Suspensions","5.8"
"Oxford School District","900958300","2011-2012","Eligible for Free or Reduced-Price Meals","Percent","Suspensions","5.1"
"Oxford School District","900958300","2012-2013","Eligible for Free or Reduced-Price Meals","Percent","Suspensions","5.8"
"Oxford School District","900958300","2013-2014","Eligible for Free or Reduced-Price Meals","Percent","Suspensions","4.5"
"Oxford School District","900958300","2014-2015","Eligible for Free or Reduced-Price Meals","Percent","Suspensions","4.7"
"Oxford School District","900958300","2015-2016","Eligible for Free or Reduced-Price Meals","Percent","Suspensions","3.5"
"Oxford School District","900958300","2016-2017","Eligible for Free or Reduced-Price Meals","Percent","Suspensions","5.3"
"Oxford School District","900958300","2017-2018","Eligible for Free or Reduced-Price Meals","Percent","Suspensions","3.9"
"Oxford School District","900958300","2018-2019","Eligible for Free or Reduced-Price Meals","Percent","Suspensions","5.7"
"Oxford School District","900958300","2019-2020","Eligible for Free or Reduced-Price Meals","Percent","Suspensions","3.1"
"Park City Prep Charter School District","","2009-2010","Eligible for Free or Reduced-Price Meals","Percent","Suspensions","64.2"
"Park City Prep Charter School District","","2010-2011","Eligible for Free or Reduced-Price Meals","Percent","Suspensions","20.6"
"Park City Prep Charter School District","","2011-2012","Eligible for Free or Reduced-Price Meals","Percent","Suspensions","27.2"
"Park City Prep Charter School District","","2012-2013","Eligible for Free or Reduced-Price Meals","Percent","Suspensions","15.6"
"Park City Prep Charter School District","","2013-2014","Eligible for Free or Reduced-Price Meals","Percent","Suspensions","14.7"
"Park City Prep Charter School District","","2014-2015","Eligible for Free or Reduced-Price Meals","Percent","Suspensions","18.2"
"Park City Prep Charter School District","","2015-2016","Eligible for Free or Reduced-Price Meals","Percent","Suspensions","19.7"
"Park City Prep Charter School District","","2016-2017","Eligible for Free or Reduced-Price Meals","Percent","Suspensions","13.3"
"Park City Prep Charter School District","","2017-2018","Eligible for Free or Reduced-Price Meals","Percent","Suspensions","12.7"
"Park City Prep Charter School District","","2018-2019","Eligible for Free or Reduced-Price Meals","Percent","Suspensions","8.5"
"Park City Prep Charter School District","","2019-2020","Eligible for Free or Reduced-Price Meals","Percent","Suspensions","4.7"
"Path Academy District","","2009-2010","Eligible for Free or Reduced-Price Meals","Percent","Suspensions","0"
"Path Academy District","","2010-2011","Eligible for Free or Reduced-Price Meals","Percent","Suspensions","0"
"Path Academy District","","2011-2012","Eligible for Free or Reduced-Price Meals","Percent","Suspensions","0"
"Path Academy District","","2012-2013","Eligible for Free or Reduced-Price Meals","Percent","Suspensions","0"
"Path Academy District","","2013-2014","Eligible for Free or Reduced-Price Meals","Percent","Suspensions","0"
"Path Academy District","","2014-2015","Eligible for Free or Reduced-Price Meals","Percent","Suspensions","41.1"
"Path Academy District","","2015-2016","Eligible for Free or Reduced-Price Meals","Percent","Suspensions","14.6"
"Path Academy District","","2016-2017","Eligible for Free or Reduced-Price Meals","Percent","Suspensions","20.0"
"Path Academy District","","2017-2018","Eligible for Free or Reduced-Price Meals","Percent","Suspensions","35.9"
"Path Academy District","","2018-2019","Eligible for Free or Reduced-Price Meals","Percent","Suspensions","0"
"Path Academy District","","2019-2020","Eligible for Free or Reduced-Price Meals","Percent","Suspensions","0"
"Plainfield School District","901559980","2009-2010","Eligible for Free or Reduced-Price Meals","Percent","Suspensions","12.6"
"Plainfield School District","901559980","2010-2011","Eligible for Free or Reduced-Price Meals","Percent","Suspensions","12.7"
"Plainfield School District","901559980","2011-2012","Eligible for Free or Reduced-Price Meals","Percent","Suspensions","15.2"
"Plainfield School District","901559980","2012-2013","Eligible for Free or Reduced-Price Meals","Percent","Suspensions","14.1"
"Plainfield School District","901559980","2013-2014","Eligible for Free or Reduced-Price Meals","Percent","Suspensions","9.5"
"Plainfield School District","901559980","2014-2015","Eligible for Free or Reduced-Price Meals","Percent","Suspensions","12.0"
"Plainfield School District","901559980","2015-2016","Eligible for Free or Reduced-Price Meals","Percent","Suspensions","12.5"
"Plainfield School District","901559980","2016-2017","Eligible for Free or Reduced-Price Meals","Percent","Suspensions","10.2"
"Plainfield School District","901559980","2017-2018","Eligible for Free or Reduced-Price Meals","Percent","Suspensions","11.5"
"Plainfield School District","901559980","2018-2019","Eligible for Free or Reduced-Price Meals","Percent","Suspensions","12.1"
"Plainfield School District","901559980","2019-2020","Eligible for Free or Reduced-Price Meals","Percent","Suspensions","8.7"
"Plainville School District","900360120","2009-2010","Eligible for Free or Reduced-Price Meals","Percent","Suspensions","9.8"
"Plainville School District","900360120","2010-2011","Eligible for Free or Reduced-Price Meals","Percent","Suspensions","9.6"
"Plainville School District","900360120","2011-2012","Eligible for Free or Reduced-Price Meals","Percent","Suspensions","8.2"
"Plainville School District","900360120","2012-2013","Eligible for Free or Reduced-Price Meals","Percent","Suspensions","7.7"
"Plainville School District","900360120","2013-2014","Eligible for Free or Reduced-Price Meals","Percent","Suspensions","7.2"
"Plainville School District","900360120","2014-2015","Eligible for Free or Reduced-Price Meals","Percent","Suspensions","7.6"
"Plainville School District","900360120","2015-2016","Eligible for Free or Reduced-Price Meals","Percent","Suspensions","9.9"
"Plainville School District","900360120","2016-2017","Eligible for Free or Reduced-Price Meals","Percent","Suspensions","9.5"
"Plainville School District","900360120","2017-2018","Eligible for Free or Reduced-Price Meals","Percent","Suspensions","7.0"
"Plainville School District","900360120","2018-2019","Eligible for Free or Reduced-Price Meals","Percent","Suspensions","8.2"
"Plainville School District","900360120","2019-2020","Eligible for Free or Reduced-Price Meals","Percent","Suspensions","4.6"
"Plymouth School District","900560750","2009-2010","Eligible for Free or Reduced-Price Meals","Percent","Suspensions","13.7"
"Plymouth School District","900560750","2010-2011","Eligible for Free or Reduced-Price Meals","Percent","Suspensions","13.0"
"Plymouth School District","900560750","2011-2012","Eligible for Free or Reduced-Price Meals","Percent","Suspensions","10.1"
"Plymouth School District","900560750","2012-2013","Eligible for Free or Reduced-Price Meals","Percent","Suspensions","8.5"
"Plymouth School District","900560750","2013-2014","Eligible for Free or Reduced-Price Meals","Percent","Suspensions","6.6"
"Plymouth School District","900560750","2014-2015","Eligible for Free or Reduced-Price Meals","Percent","Suspensions","7.6"
"Plymouth School District","900560750","2015-2016","Eligible for Free or Reduced-Price Meals","Percent","Suspensions","9.8"
"Plymouth School District","900560750","2016-2017","Eligible for Free or Reduced-Price Meals","Percent","Suspensions","9.9"
"Plymouth School District","900560750","2017-2018","Eligible for Free or Reduced-Price Meals","Percent","Suspensions","11.1"
"Plymouth School District","900560750","2018-2019","Eligible for Free or Reduced-Price Meals","Percent","Suspensions","10.0"
"Plymouth School District","900560750","2019-2020","Eligible for Free or Reduced-Price Meals","Percent","Suspensions","9.5"
"Pomfret School District","","2009-2010","Eligible for Free or Reduced-Price Meals","Percent","Suspensions","-9999"
"Pomfret School District","","2010-2011","Eligible for Free or Reduced-Price Meals","Percent","Suspensions","-9999"
"Pomfret School District","","2011-2012","Eligible for Free or Reduced-Price Meals","Percent","Suspensions","-9999"
"Pomfret School District","","2012-2013","Eligible for Free or Reduced-Price Meals","Percent","Suspensions","-9999"
"Pomfret School District","","2013-2014","Eligible for Free or Reduced-Price Meals","Percent","Suspensions","-6666"
"Pomfret School District","","2014-2015","Eligible for Free or Reduced-Price Meals","Percent","Suspensions","-9999"
"Pomfret School District","","2015-2016","Eligible for Free or Reduced-Price Meals","Percent","Suspensions","7.5"
"Pomfret School District","","2016-2017","Eligible for Free or Reduced-Price Meals","Percent","Suspensions","-9999"
"Pomfret School District","","2017-2018","Eligible for Free or Reduced-Price Meals","Percent","Suspensions","-9999"
"Pomfret School District","","2018-2019","Eligible for Free or Reduced-Price Meals","Percent","Suspensions","-9999"
"Pomfret School District","","2019-2020","Eligible for Free or Reduced-Price Meals","Percent","Suspensions","-9999"
"Portland School District","900761800","2009-2010","Eligible for Free or Reduced-Price Meals","Percent","Suspensions","11.9"
"Portland School District","900761800","2010-2011","Eligible for Free or Reduced-Price Meals","Percent","Suspensions","10.8"
"Portland School District","900761800","2011-2012","Eligible for Free or Reduced-Price Meals","Percent","Suspensions","9.9"
"Portland School District","900761800","2012-2013","Eligible for Free or Reduced-Price Meals","Percent","Suspensions","10.5"
"Portland School District","900761800","2013-2014","Eligible for Free or Reduced-Price Meals","Percent","Suspensions","10.1"
"Portland School District","900761800","2014-2015","Eligible for Free or Reduced-Price Meals","Percent","Suspensions","9.9"
"Portland School District","900761800","2015-2016","Eligible for Free or Reduced-Price Meals","Percent","Suspensions","8.4"
"Portland School District","900761800","2016-2017","Eligible for Free or Reduced-Price Meals","Percent","Suspensions","9.8"
"Portland School District","900761800","2017-2018","Eligible for Free or Reduced-Price Meals","Percent","Suspensions","10.9"
"Portland School District","900761800","2018-2019","Eligible for Free or Reduced-Price Meals","Percent","Suspensions","13.1"
"Portland School District","900761800","2019-2020","Eligible for Free or Reduced-Price Meals","Percent","Suspensions","8.5"
"Preston School District","","2009-2010","Eligible for Free or Reduced-Price Meals","Percent","Suspensions","-9999"
"Preston School District","","2010-2011","Eligible for Free or Reduced-Price Meals","Percent","Suspensions","7.3"
"Preston School District","","2011-2012","Eligible for Free or Reduced-Price Meals","Percent","Suspensions","-9999"
"Preston School District","","2012-2013","Eligible for Free or Reduced-Price Meals","Percent","Suspensions","-9999"
"Preston School District","","2013-2014","Eligible for Free or Reduced-Price Meals","Percent","Suspensions","-9999"
"Preston School District","","2014-2015","Eligible for Free or Reduced-Price Meals","Percent","Suspensions","7.5"
"Preston School District","","2015-2016","Eligible for Free or Reduced-Price Meals","Percent","Suspensions","-9999"
"Preston School District","","2016-2017","Eligible for Free or Reduced-Price Meals","Percent","Suspensions","7.3"
"Preston School District","","2017-2018","Eligible for Free or Reduced-Price Meals","Percent","Suspensions","-9999"
"Preston School District","","2018-2019","Eligible for Free or Reduced-Price Meals","Percent","Suspensions","-9999"
"Preston School District","","2019-2020","Eligible for Free or Reduced-Price Meals","Percent","Suspensions","-6666"
"Putnam School District","901562710","2009-2010","Eligible for Free or Reduced-Price Meals","Percent","Suspensions","15.9"
"Putnam School District","901562710","2010-2011","Eligible for Free or Reduced-Price Meals","Percent","Suspensions","14.6"
"Putnam School District","901562710","2011-2012","Eligible for Free or Reduced-Price Meals","Percent","Suspensions","12.3"
"Putnam School District","901562710","2012-2013","Eligible for Free or Reduced-Price Meals","Percent","Suspensions","11.4"
"Putnam School District","901562710","2013-2014","Eligible for Free or Reduced-Price Meals","Percent","Suspensions","8.1"
"Putnam School District","901562710","2014-2015","Eligible for Free or Reduced-Price Meals","Percent","Suspensions","8.2"
"Putnam School District","901562710","2015-2016","Eligible for Free or Reduced-Price Meals","Percent","Suspensions","9.0"
"Putnam School District","901562710","2016-2017","Eligible for Free or Reduced-Price Meals","Percent","Suspensions","8.2"
"Putnam School District","901562710","2017-2018","Eligible for Free or Reduced-Price Meals","Percent","Suspensions","5.7"
"Putnam School District","901562710","2018-2019","Eligible for Free or Reduced-Price Meals","Percent","Suspensions","9.7"
"Putnam School District","901562710","2019-2020","Eligible for Free or Reduced-Price Meals","Percent","Suspensions","4.8"
"Redding School District","","2009-2010","Eligible for Free or Reduced-Price Meals","Percent","Suspensions","-9999"
"Redding School District","","2010-2011","Eligible for Free or Reduced-Price Meals","Percent","Suspensions","-9999"
"Redding School District","","2011-2012","Eligible for Free or Reduced-Price Meals","Percent","Suspensions","-9999"
"Redding School District","","2012-2013","Eligible for Free or Reduced-Price Meals","Percent","Suspensions","-9999"
"Redding School District","","2013-2014","Eligible for Free or Reduced-Price Meals","Percent","Suspensions","-9999"
"Redding School District","","2014-2015","Eligible for Free or Reduced-Price Meals","Percent","Suspensions","-9999"
"Redding School District","","2015-2016","Eligible for Free or Reduced-Price Meals","Percent","Suspensions","-9999"
"Redding School District","","2016-2017","Eligible for Free or Reduced-Price Meals","Percent","Suspensions","-9999"
"Redding School District","","2017-2018","Eligible for Free or Reduced-Price Meals","Percent","Suspensions","-6666"
"Redding School District","","2018-2019","Eligible for Free or Reduced-Price Meals","Percent","Suspensions","-9999"
"Redding School District","","2019-2020","Eligible for Free or Reduced-Price Meals","Percent","Suspensions","-9999"
"Regional School District 01","","2009-2010","Eligible for Free or Reduced-Price Meals","Percent","Suspensions","14.7"
"Regional School District 01","","2010-2011","Eligible for Free or Reduced-Price Meals","Percent","Suspensions","15.1"
"Regional School District 01","","2011-2012","Eligible for Free or Reduced-Price Meals","Percent","Suspensions","12.0"
"Regional School District 01","","2012-2013","Eligible for Free or Reduced-Price Meals","Percent","Suspensions","21.4"
"Regional School District 01","","2013-2014","Eligible for Free or Reduced-Price Meals","Percent","Suspensions","12.9"
"Regional School District 01","","2014-2015","Eligible for Free or Reduced-Price Meals","Percent","Suspensions","24.0"
"Regional School District 01","","2015-2016","Eligible for Free or Reduced-Price Meals","Percent","Suspensions","17.5"
"Regional School District 01","","2016-2017","Eligible for Free or Reduced-Price Meals","Percent","Suspensions","10.1"
"Regional School District 01","","2017-2018","Eligible for Free or Reduced-Price Meals","Percent","Suspensions","5.3"
"Regional School District 01","","2018-2019","Eligible for Free or Reduced-Price Meals","Percent","Suspensions","15.8"
"Regional School District 01","","2019-2020","Eligible for Free or Reduced-Price Meals","Percent","Suspensions","11.4"
"Regional School District 04","","2009-2010","Eligible for Free or Reduced-Price Meals","Percent","Suspensions","27.5"
"Regional School District 04","","2010-2011","Eligible for Free or Reduced-Price Meals","Percent","Suspensions","18.3"
"Regional School District 04","","2011-2012","Eligible for Free or Reduced-Price Meals","Percent","Suspensions","15.5"
"Regional School District 04","","2012-2013","Eligible for Free or Reduced-Price Meals","Percent","Suspensions","14.5"
"Regional School District 04","","2013-2014","Eligible for Free or Reduced-Price Meals","Percent","Suspensions","10.4"
"Regional School District 04","","2014-2015","Eligible for Free or Reduced-Price Meals","Percent","Suspensions","8.3"
"Regional School District 04","","2015-2016","Eligible for Free or Reduced-Price Meals","Percent","Suspensions","6.2"
"Regional School District 04","","2016-2017","Eligible for Free or Reduced-Price Meals","Percent","Suspensions","11.5"
"Regional School District 04","","2017-2018","Eligible for Free or Reduced-Price Meals","Percent","Suspensions","14.0"
"Regional School District 04","","2018-2019","Eligible for Free or Reduced-Price Meals","Percent","Suspensions","8.7"
"Regional School District 04","","2019-2020","Eligible for Free or Reduced-Price Meals","Percent","Suspensions","5.3"
"Regional School District 05","","2009-2010","Eligible for Free or Reduced-Price Meals","Percent","Suspensions","20.3"
"Regional School District 05","","2010-2011","Eligible for Free or Reduced-Price Meals","Percent","Suspensions","19.4"
"Regional School District 05","","2011-2012","Eligible for Free or Reduced-Price Meals","Percent","Suspensions","20.5"
"Regional School District 05","","2012-2013","Eligible for Free or Reduced-Price Meals","Percent","Suspensions","10.9"
"Regional School District 05","","2013-2014","Eligible for Free or Reduced-Price Meals","Percent","Suspensions","6.7"
"Regional School District 05","","2014-2015","Eligible for Free or Reduced-Price Meals","Percent","Suspensions","8.1"
"Regional School District 05","","2015-2016","Eligible for Free or Reduced-Price Meals","Percent","Suspensions","8.9"
"Regional School District 05","","2016-2017","Eligible for Free or Reduced-Price Meals","Percent","Suspensions","10.4"
"Regional School District 05","","2017-2018","Eligible for Free or Reduced-Price Meals","Percent","Suspensions","8.6"
"Regional School District 05","","2018-2019","Eligible for Free or Reduced-Price Meals","Percent","Suspensions","11.2"
"Regional School District 05","","2019-2020","Eligible for Free or Reduced-Price Meals","Percent","Suspensions","3.1"
"Regional School District 06","","2009-2010","Eligible for Free or Reduced-Price Meals","Percent","Suspensions","9.4"
"Regional School District 06","","2010-2011","Eligible for Free or Reduced-Price Meals","Percent","Suspensions","10.0"
"Regional School District 06","","2011-2012","Eligible for Free or Reduced-Price Meals","Percent","Suspensions","13.6"
"Regional School District 06","","2012-2013","Eligible for Free or Reduced-Price Meals","Percent","Suspensions","11.5"
"Regional School District 06","","2013-2014","Eligible for Free or Reduced-Price Meals","Percent","Suspensions","13.6"
"Regional School District 06","","2014-2015","Eligible for Free or Reduced-Price Meals","Percent","Suspensions","7.1"
"Regional School District 06","","2015-2016","Eligible for Free or Reduced-Price Meals","Percent","Suspensions","10.0"
"Regional School District 06","","2016-2017","Eligible for Free or Reduced-Price Meals","Percent","Suspensions","7.4"
"Regional School District 06","","2017-2018","Eligible for Free or Reduced-Price Meals","Percent","Suspensions","-9999"
"Regional School District 06","","2018-2019","Eligible for Free or Reduced-Price Meals","Percent","Suspensions","6.2"
"Regional School District 06","","2019-2020","Eligible for Free or Reduced-Price Meals","Percent","Suspensions","3.6"
"Regional School District 07","","2009-2010","Eligible for Free or Reduced-Price Meals","Percent","Suspensions","12.2"
"Regional School District 07","","2010-2011","Eligible for Free or Reduced-Price Meals","Percent","Suspensions","12.5"
"Regional School District 07","","2011-2012","Eligible for Free or Reduced-Price Meals","Percent","Suspensions","10.1"
"Regional School District 07","","2012-2013","Eligible for Free or Reduced-Price Meals","Percent","Suspensions","5.6"
"Regional School District 07","","2013-2014","Eligible for Free or Reduced-Price Meals","Percent","Suspensions","12.8"
"Regional School District 07","","2014-2015","Eligible for Free or Reduced-Price Meals","Percent","Suspensions","22.8"
"Regional School District 07","","2015-2016","Eligible for Free or Reduced-Price Meals","Percent","Suspensions","15.0"
"Regional School District 07","","2016-2017","Eligible for Free or Reduced-Price Meals","Percent","Suspensions","10.3"
"Regional School District 07","","2017-2018","Eligible for Free or Reduced-Price Meals","Percent","Suspensions","5.9"
"Regional School District 07","","2018-2019","Eligible for Free or Reduced-Price Meals","Percent","Suspensions","8.4"
"Regional School District 07","","2019-2020","Eligible for Free or Reduced-Price Meals","Percent","Suspensions","-9999"
"Regional School District 08","","2009-2010","Eligible for Free or Reduced-Price Meals","Percent","Suspensions","22.8"
"Regional School District 08","","2010-2011","Eligible for Free or Reduced-Price Meals","Percent","Suspensions","23.3"
"Regional School District 08","","2011-2012","Eligible for Free or Reduced-Price Meals","Percent","Suspensions","22.3"
"Regional School District 08","","2012-2013","Eligible for Free or Reduced-Price Meals","Percent","Suspensions","17.7"
"Regional School District 08","","2013-2014","Eligible for Free or Reduced-Price Meals","Percent","Suspensions","15.6"
"Regional School District 08","","2014-2015","Eligible for Free or Reduced-Price Meals","Percent","Suspensions","10.4"
"Regional School District 08","","2015-2016","Eligible for Free or Reduced-Price Meals","Percent","Suspensions","13.6"
"Regional School District 08","","2016-2017","Eligible for Free or Reduced-Price Meals","Percent","Suspensions","14.6"
"Regional School District 08","","2017-2018","Eligible for Free or Reduced-Price Meals","Percent","Suspensions","17.2"
"Regional School District 08","","2018-2019","Eligible for Free or Reduced-Price Meals","Percent","Suspensions","16.3"
"Regional School District 08","","2019-2020","Eligible for Free or Reduced-Price Meals","Percent","Suspensions","6.7"
"Regional School District 09","","2009-2010","Eligible for Free or Reduced-Price Meals","Percent","Suspensions","-9999"
"Regional School District 09","","2010-2011","Eligible for Free or Reduced-Price Meals","Percent","Suspensions","-9999"
"Regional School District 09","","2011-2012","Eligible for Free or Reduced-Price Meals","Percent","Suspensions","-9999"
"Regional School District 09","","2012-2013","Eligible for Free or Reduced-Price Meals","Percent","Suspensions","-9999"
"Regional School District 09","","2013-2014","Eligible for Free or Reduced-Price Meals","Percent","Suspensions","-9999"
"Regional School District 09","","2014-2015","Eligible for Free or Reduced-Price Meals","Percent","Suspensions","-6666"
"Regional School District 09","","2015-2016","Eligible for Free or Reduced-Price Meals","Percent","Suspensions","-9999"
"Regional School District 09","","2016-2017","Eligible for Free or Reduced-Price Meals","Percent","Suspensions","-9999"
"Regional School District 09","","2017-2018","Eligible for Free or Reduced-Price Meals","Percent","Suspensions","-9999"
"Regional School District 09","","2018-2019","Eligible for Free or Reduced-Price Meals","Percent","Suspensions","6.7"
"Regional School District 09","","2019-2020","Eligible for Free or Reduced-Price Meals","Percent","Suspensions","-9999"
"Regional School District 10","","2009-2010","Eligible for Free or Reduced-Price Meals","Percent","Suspensions","13.0"
"Regional School District 10","","2010-2011","Eligible for Free or Reduced-Price Meals","Percent","Suspensions","9.0"
"Regional School District 10","","2011-2012","Eligible for Free or Reduced-Price Meals","Percent","Suspensions","10.6"
"Regional School District 10","","2012-2013","Eligible for Free or Reduced-Price Meals","Percent","Suspensions","10.9"
"Regional School District 10","","2013-2014","Eligible for Free or Reduced-Price Meals","Percent","Suspensions","8.5"
"Regional School District 10","","2014-2015","Eligible for Free or Reduced-Price Meals","Percent","Suspensions","8.1"
"Regional School District 10","","2015-2016","Eligible for Free or Reduced-Price Meals","Percent","Suspensions","4.5"
"Regional School District 10","","2016-2017","Eligible for Free or Reduced-Price Meals","Percent","Suspensions","9.4"
"Regional School District 10","","2017-2018","Eligible for Free or Reduced-Price Meals","Percent","Suspensions","6.4"
"Regional School District 10","","2018-2019","Eligible for Free or Reduced-Price Meals","Percent","Suspensions","3.2"
"Regional School District 10","","2019-2020","Eligible for Free or Reduced-Price Meals","Percent","Suspensions","2.8"
"Regional School District 11","","2009-2010","Eligible for Free or Reduced-Price Meals","Percent","Suspensions","29.4"
"Regional School District 11","","2010-2011","Eligible for Free or Reduced-Price Meals","Percent","Suspensions","20.5"
"Regional School District 11","","2011-2012","Eligible for Free or Reduced-Price Meals","Percent","Suspensions","21.8"
"Regional School District 11","","2012-2013","Eligible for Free or Reduced-Price Meals","Percent","Suspensions","17.8"
"Regional School District 11","","2013-2014","Eligible for Free or Reduced-Price Meals","Percent","Suspensions","14.7"
"Regional School District 11","","2014-2015","Eligible for Free or Reduced-Price Meals","Percent","Suspensions","14.6"
"Regional School District 11","","2015-2016","Eligible for Free or Reduced-Price Meals","Percent","Suspensions","13.4"
"Regional School District 11","","2016-2017","Eligible for Free or Reduced-Price Meals","Percent","Suspensions","10.0"
"Regional School District 11","","2017-2018","Eligible for Free or Reduced-Price Meals","Percent","Suspensions","25.6"
"Regional School District 11","","2018-2019","Eligible for Free or Reduced-Price Meals","Percent","Suspensions","17.0"
"Regional School District 11","","2019-2020","Eligible for Free or Reduced-Price Meals","Percent","Suspensions","-9999"
"Regional School District 12","","2009-2010","Eligible for Free or Reduced-Price Meals","Percent","Suspensions","26.1"
"Regional School District 12","","2010-2011","Eligible for Free or Reduced-Price Meals","Percent","Suspensions","13.6"
"Regional School District 12","","2011-2012","Eligible for Free or Reduced-Price Meals","Percent","Suspensions","12.5"
"Regional School District 12","","2012-2013","Eligible for Free or Reduced-Price Meals","Percent","Suspensions","8.2"
"Regional School District 12","","2013-2014","Eligible for Free or Reduced-Price Meals","Percent","Suspensions","14.8"
"Regional School District 12","","2014-2015","Eligible for Free or Reduced-Price Meals","Percent","Suspensions","8.2"
"Regional School District 12","","2015-2016","Eligible for Free or Reduced-Price Meals","Percent","Suspensions","11.1"
"Regional School District 12","","2016-2017","Eligible for Free or Reduced-Price Meals","Percent","Suspensions","12.9"
"Regional School District 12","","2017-2018","Eligible for Free or Reduced-Price Meals","Percent","Suspensions","-9999"
"Regional School District 12","","2018-2019","Eligible for Free or Reduced-Price Meals","Percent","Suspensions","5.9"
"Regional School District 12","","2019-2020","Eligible for Free or Reduced-Price Meals","Percent","Suspensions","-9999"
"Regional School District 13","","2009-2010","Eligible for Free or Reduced-Price Meals","Percent","Suspensions","-9999"
"Regional School District 13","","2010-2011","Eligible for Free or Reduced-Price Meals","Percent","Suspensions","-9999"
"Regional School District 13","","2011-2012","Eligible for Free or Reduced-Price Meals","Percent","Suspensions","5.0"
"Regional School District 13","","2012-2013","Eligible for Free or Reduced-Price Meals","Percent","Suspensions","-9999"
"Regional School District 13","","2013-2014","Eligible for Free or Reduced-Price Meals","Percent","Suspensions","-9999"
"Regional School District 13","","2014-2015","Eligible for Free or Reduced-Price Meals","Percent","Suspensions","4.1"
"Regional School District 13","","2015-2016","Eligible for Free or Reduced-Price Meals","Percent","Suspensions","4.6"
"Regional School District 13","","2016-2017","Eligible for Free or Reduced-Price Meals","Percent","Suspensions","5.7"
"Regional School District 13","","2017-2018","Eligible for Free or Reduced-Price Meals","Percent","Suspensions","7.8"
"Regional School District 13","","2018-2019","Eligible for Free or Reduced-Price Meals","Percent","Suspensions","6.4"
"Regional School District 13","","2019-2020","Eligible for Free or Reduced-Price Meals","Percent","Suspensions","4.7"
"Regional School District 14","","2009-2010","Eligible for Free or Reduced-Price Meals","Percent","Suspensions","8.4"
"Regional School District 14","","2010-2011","Eligible for Free or Reduced-Price Meals","Percent","Suspensions","6.3"
"Regional School District 14","","2011-2012","Eligible for Free or Reduced-Price Meals","Percent","Suspensions","4.8"
"Regional School District 14","","2012-2013","Eligible for Free or Reduced-Price Meals","Percent","Suspensions","5.5"
"Regional School District 14","","2013-2014","Eligible for Free or Reduced-Price Meals","Percent","Suspensions","4.3"
"Regional School District 14","","2014-2015","Eligible for Free or Reduced-Price Meals","Percent","Suspensions","-9999"
"Regional School District 14","","2015-2016","Eligible for Free or Reduced-Price Meals","Percent","Suspensions","5.2"
"Regional School District 14","","2016-2017","Eligible for Free or Reduced-Price Meals","Percent","Suspensions","4.4"
"Regional School District 14","","2017-2018","Eligible for Free or Reduced-Price Meals","Percent","Suspensions","8.2"
"Regional School District 14","","2018-2019","Eligible for Free or Reduced-Price Meals","Percent","Suspensions","5.5"
"Regional School District 14","","2019-2020","Eligible for Free or Reduced-Price Meals","Percent","Suspensions","3.8"
"Regional School District 15","","2009-2010","Eligible for Free or Reduced-Price Meals","Percent","Suspensions","10.4"
"Regional School District 15","","2010-2011","Eligible for Free or Reduced-Price Meals","Percent","Suspensions","11.0"
"Regional School District 15","","2011-2012","Eligible for Free or Reduced-Price Meals","Percent","Suspensions","7.6"
"Regional School District 15","","2012-2013","Eligible for Free or Reduced-Price Meals","Percent","Suspensions","6.0"
"Regional School District 15","","2013-2014","Eligible for Free or Reduced-Price Meals","Percent","Suspensions","5.6"
"Regional School District 15","","2014-2015","Eligible for Free or Reduced-Price Meals","Percent","Suspensions","7.0"
"Regional School District 15","","2015-2016","Eligible for Free or Reduced-Price Meals","Percent","Suspensions","7.5"
"Regional School District 15","","2016-2017","Eligible for Free or Reduced-Price Meals","Percent","Suspensions","7.1"
"Regional School District 15","","2017-2018","Eligible for Free or Reduced-Price Meals","Percent","Suspensions","7.2"
"Regional School District 15","","2018-2019","Eligible for Free or Reduced-Price Meals","Percent","Suspensions","6.6"
"Regional School District 15","","2019-2020","Eligible for Free or Reduced-Price Meals","Percent","Suspensions","6.3"
"Regional School District 16","","2009-2010","Eligible for Free or Reduced-Price Meals","Percent","Suspensions","12.7"
"Regional School District 16","","2010-2011","Eligible for Free or Reduced-Price Meals","Percent","Suspensions","13.9"
"Regional School District 16","","2011-2012","Eligible for Free or Reduced-Price Meals","Percent","Suspensions","9.2"
"Regional School District 16","","2012-2013","Eligible for Free or Reduced-Price Meals","Percent","Suspensions","9.5"
"Regional School District 16","","2013-2014","Eligible for Free or Reduced-Price Meals","Percent","Suspensions","10.2"
"Regional School District 16","","2014-2015","Eligible for Free or Reduced-Price Meals","Percent","Suspensions","8.1"
"Regional School District 16","","2015-2016","Eligible for Free or Reduced-Price Meals","Percent","Suspensions","8.1"
"Regional School District 16","","2016-2017","Eligible for Free or Reduced-Price Meals","Percent","Suspensions","8.5"
"Regional School District 16","","2017-2018","Eligible for Free or Reduced-Price Meals","Percent","Suspensions","9.6"
"Regional School District 16","","2018-2019","Eligible for Free or Reduced-Price Meals","Percent","Suspensions","8.7"
"Regional School District 16","","2019-2020","Eligible for Free or Reduced-Price Meals","Percent","Suspensions","5.1"
"Regional School District 17","","2009-2010","Eligible for Free or Reduced-Price Meals","Percent","Suspensions","10.9"
"Regional School District 17","","2010-2011","Eligible for Free or Reduced-Price Meals","Percent","Suspensions","13.0"
"Regional School District 17","","2011-2012","Eligible for Free or Reduced-Price Meals","Percent","Suspensions","14.6"
"Regional School District 17","","2012-2013","Eligible for Free or Reduced-Price Meals","Percent","Suspensions","6.9"
"Regional School District 17","","2013-2014","Eligible for Free or Reduced-Price Meals","Percent","Suspensions","8.4"
"Regional School District 17","","2014-2015","Eligible for Free or Reduced-Price Meals","Percent","Suspensions","8.6"
"Regional School District 17","","2015-2016","Eligible for Free or Reduced-Price Meals","Percent","Suspensions","8.3"
"Regional School District 17","","2016-2017","Eligible for Free or Reduced-Price Meals","Percent","Suspensions","8.8"
"Regional School District 17","","2017-2018","Eligible for Free or Reduced-Price Meals","Percent","Suspensions","12.2"
"Regional School District 17","","2018-2019","Eligible for Free or Reduced-Price Meals","Percent","Suspensions","10.0"
"Regional School District 17","","2019-2020","Eligible for Free or Reduced-Price Meals","Percent","Suspensions","8.7"
"Regional School District 18","","2009-2010","Eligible for Free or Reduced-Price Meals","Percent","Suspensions","7.8"
"Regional School District 18","","2010-2011","Eligible for Free or Reduced-Price Meals","Percent","Suspensions","8.6"
"Regional School District 18","","2011-2012","Eligible for Free or Reduced-Price Meals","Percent","Suspensions","7.2"
"Regional School District 18","","2012-2013","Eligible for Free or Reduced-Price Meals","Percent","Suspensions","-9999"
"Regional School District 18","","2013-2014","Eligible for Free or Reduced-Price Meals","Percent","Suspensions","-9999"
"Regional School District 18","","2014-2015","Eligible for Free or Reduced-Price Meals","Percent","Suspensions","4.8"
"Regional School District 18","","2015-2016","Eligible for Free or Reduced-Price Meals","Percent","Suspensions","-9999"
"Regional School District 18","","2016-2017","Eligible for Free or Reduced-Price Meals","Percent","Suspensions","6.0"
"Regional School District 18","","2017-2018","Eligible for Free or Reduced-Price Meals","Percent","Suspensions","4.7"
"Regional School District 18","","2018-2019","Eligible for Free or Reduced-Price Meals","Percent","Suspensions","7.3"
"Regional School District 18","","2019-2020","Eligible for Free or Reduced-Price Meals","Percent","Suspensions","5.0"
"Regional School District 19","","2009-2010","Eligible for Free or Reduced-Price Meals","Percent","Suspensions","16.9"
"Regional School District 19","","2010-2011","Eligible for Free or Reduced-Price Meals","Percent","Suspensions","19.1"
"Regional School District 19","","2011-2012","Eligible for Free or Reduced-Price Meals","Percent","Suspensions","18.9"
"Regional School District 19","","2012-2013","Eligible for Free or Reduced-Price Meals","Percent","Suspensions","12.8"
"Regional School District 19","","2013-2014","Eligible for Free or Reduced-Price Meals","Percent","Suspensions","14.6"
"Regional School District 19","","2014-2015","Eligible for Free or Reduced-Price Meals","Percent","Suspensions","8.7"
"Regional School District 19","","2015-2016","Eligible for Free or Reduced-Price Meals","Percent","Suspensions","12.3"
"Regional School District 19","","2016-2017","Eligible for Free or Reduced-Price Meals","Percent","Suspensions","5.8"
"Regional School District 19","","2017-2018","Eligible for Free or Reduced-Price Meals","Percent","Suspensions","6.8"
"Regional School District 19","","2018-2019","Eligible for Free or Reduced-Price Meals","Percent","Suspensions","7.8"
"Regional School District 19","","2019-2020","Eligible for Free or Reduced-Price Meals","Percent","Suspensions","3.0"
"Ridgefield School District","900163970","2009-2010","Eligible for Free or Reduced-Price Meals","Percent","Suspensions","6.4"
"Ridgefield School District","900163970","2010-2011","Eligible for Free or Reduced-Price Meals","Percent","Suspensions","6.5"
"Ridgefield School District","900163970","2011-2012","Eligible for Free or Reduced-Price Meals","Percent","Suspensions","-9999"
"Ridgefield School District","900163970","2012-2013","Eligible for Free or Reduced-Price Meals","Percent","Suspensions","3.7"
"Ridgefield School District","900163970","2013-2014","Eligible for Free or Reduced-Price Meals","Percent","Suspensions","4.9"
"Ridgefield School District","900163970","2014-2015","Eligible for Free or Reduced-Price Meals","Percent","Suspensions","-9999"
"Ridgefield School District","900163970","2015-2016","Eligible for Free or Reduced-Price Meals","Percent","Suspensions","-9999"
"Ridgefield School District","900163970","2016-2017","Eligible for Free or Reduced-Price Meals","Percent","Suspensions","5.6"
"Ridgefield School District","900163970","2017-2018","Eligible for Free or Reduced-Price Meals","Percent","Suspensions","-9999"
"Ridgefield School District","900163970","2018-2019","Eligible for Free or Reduced-Price Meals","Percent","Suspensions","3.4"
"Ridgefield School District","900163970","2019-2020","Eligible for Free or Reduced-Price Meals","Percent","Suspensions","-9999"
"Rocky Hill School District","900365370","2009-2010","Eligible for Free or Reduced-Price Meals","Percent","Suspensions","12.2"
"Rocky Hill School District","900365370","2010-2011","Eligible for Free or Reduced-Price Meals","Percent","Suspensions","9.2"
"Rocky Hill School District","900365370","2011-2012","Eligible for Free or Reduced-Price Meals","Percent","Suspensions","11.3"
"Rocky Hill School District","900365370","2012-2013","Eligible for Free or Reduced-Price Meals","Percent","Suspensions","6.9"
"Rocky Hill School District","900365370","2013-2014","Eligible for Free or Reduced-Price Meals","Percent","Suspensions","2.7"
"Rocky Hill School District","900365370","2014-2015","Eligible for Free or Reduced-Price Meals","Percent","Suspensions","4.8"
"Rocky Hill School District","900365370","2015-2016","Eligible for Free or Reduced-Price Meals","Percent","Suspensions","4.0"
"Rocky Hill School District","900365370","2016-2017","Eligible for Free or Reduced-Price Meals","Percent","Suspensions","4.2"
"Rocky Hill School District","900365370","2017-2018","Eligible for Free or Reduced-Price Meals","Percent","Suspensions","4.7"
"Rocky Hill School District","900365370","2018-2019","Eligible for Free or Reduced-Price Meals","Percent","Suspensions","6.1"
"Rocky Hill School District","900365370","2019-2020","Eligible for Free or Reduced-Price Meals","Percent","Suspensions","5.1"
"Salem School District","","2009-2010","Eligible for Free or Reduced-Price Meals","Percent","Suspensions","-9999"
"Salem School District","","2010-2011","Eligible for Free or Reduced-Price Meals","Percent","Suspensions","-9999"
"Salem School District","","2011-2012","Eligible for Free or Reduced-Price Meals","Percent","Suspensions","13.0"
"Salem School District","","2012-2013","Eligible for Free or Reduced-Price Meals","Percent","Suspensions","-9999"
"Salem School District","","2013-2014","Eligible for Free or Reduced-Price Meals","Percent","Suspensions","-9999"
"Salem School District","","2014-2015","Eligible for Free or Reduced-Price Meals","Percent","Suspensions","-9999"
"Salem School District","","2015-2016","Eligible for Free or Reduced-Price Meals","Percent","Suspensions","-9999"
"Salem School District","","2016-2017","Eligible for Free or Reduced-Price Meals","Percent","Suspensions","-9999"
"Salem School District","","2017-2018","Eligible for Free or Reduced-Price Meals","Percent","Suspensions","-9999"
"Salem School District","","2018-2019","Eligible for Free or Reduced-Price Meals","Percent","Suspensions","-9999"
"Salem School District","","2019-2020","Eligible for Free or Reduced-Price Meals","Percent","Suspensions","-9999"
"Salisbury School District","","2009-2010","Eligible for Free or Reduced-Price Meals","Percent","Suspensions","-9999"
"Salisbury School District","","2010-2011","Eligible for Free or Reduced-Price Meals","Percent","Suspensions","-9999"
"Salisbury School District","","2011-2012","Eligible for Free or Reduced-Price Meals","Percent","Suspensions","-9999"
"Salisbury School District","","2012-2013","Eligible for Free or Reduced-Price Meals","Percent","Suspensions","-9999"
"Salisbury School District","","2013-2014","Eligible for Free or Reduced-Price Meals","Percent","Suspensions","-9999"
"Salisbury School District","","2014-2015","Eligible for Free or Reduced-Price Meals","Percent","Suspensions","-6666"
"Salisbury School District","","2015-2016","Eligible for Free or Reduced-Price Meals","Percent","Suspensions","-6666"
"Salisbury School District","","2016-2017","Eligible for Free or Reduced-Price Meals","Percent","Suspensions","-6666"
"Salisbury School District","","2017-2018","Eligible for Free or Reduced-Price Meals","Percent","Suspensions","-9999"
"Salisbury School District","","2018-2019","Eligible for Free or Reduced-Price Meals","Percent","Suspensions","-9999"
"Salisbury School District","","2019-2020","Eligible for Free or Reduced-Price Meals","Percent","Suspensions","-9999"
"Scotland School District","","2009-2010","Eligible for Free or Reduced-Price Meals","Percent","Suspensions","-9999"
"Scotland School District","","2010-2011","Eligible for Free or Reduced-Price Meals","Percent","Suspensions","-9999"
"Scotland School District","","2011-2012","Eligible for Free or Reduced-Price Meals","Percent","Suspensions","-6666"
"Scotland School District","","2012-2013","Eligible for Free or Reduced-Price Meals","Percent","Suspensions","-9999"
"Scotland School District","","2013-2014","Eligible for Free or Reduced-Price Meals","Percent","Suspensions","-9999"
"Scotland School District","","2014-2015","Eligible for Free or Reduced-Price Meals","Percent","Suspensions","-9999"
"Scotland School District","","2015-2016","Eligible for Free or Reduced-Price Meals","Percent","Suspensions","-9999"
"Scotland School District","","2016-2017","Eligible for Free or Reduced-Price Meals","Percent","Suspensions","-9999"
"Scotland School District","","2017-2018","Eligible for Free or Reduced-Price Meals","Percent","Suspensions","-9999"
"Scotland School District","","2018-2019","Eligible for Free or Reduced-Price Meals","Percent","Suspensions","-9999"
"Scotland School District","","2019-2020","Eligible for Free or Reduced-Price Meals","Percent","Suspensions","-6666"
"Seymour School District","900967610","2009-2010","Eligible for Free or Reduced-Price Meals","Percent","Suspensions","17.5"
"Seymour School District","900967610","2010-2011","Eligible for Free or Reduced-Price Meals","Percent","Suspensions","16.7"
"Seymour School District","900967610","2011-2012","Eligible for Free or Reduced-Price Meals","Percent","Suspensions","12.0"
"Seymour School District","900967610","2012-2013","Eligible for Free or Reduced-Price Meals","Percent","Suspensions","14.4"
"Seymour School District","900967610","2013-2014","Eligible for Free or Reduced-Price Meals","Percent","Suspensions","14.9"
"Seymour School District","900967610","2014-2015","Eligible for Free or Reduced-Price Meals","Percent","Suspensions","16.6"
"Seymour School District","900967610","2015-2016","Eligible for Free or Reduced-Price Meals","Percent","Suspensions","12.0"
"Seymour School District","900967610","2016-2017","Eligible for Free or Reduced-Price Meals","Percent","Suspensions","9.9"
"Seymour School District","900967610","2017-2018","Eligible for Free or Reduced-Price Meals","Percent","Suspensions","11.4"
"Seymour School District","900967610","2018-2019","Eligible for Free or Reduced-Price Meals","Percent","Suspensions","14.4"
"Seymour School District","900967610","2019-2020","Eligible for Free or Reduced-Price Meals","Percent","Suspensions","9.8"
"Sharon School District","","2009-2010","Eligible for Free or Reduced-Price Meals","Percent","Suspensions","-6666"
"Sharon School District","","2010-2011","Eligible for Free or Reduced-Price Meals","Percent","Suspensions","-6666"
"Sharon School District","","2011-2012","Eligible for Free or Reduced-Price Meals","Percent","Suspensions","-9999"
"Sharon School District","","2012-2013","Eligible for Free or Reduced-Price Meals","Percent","Suspensions","-6666"
"Sharon School District","","2013-2014","Eligible for Free or Reduced-Price Meals","Percent","Suspensions","-9999"
"Sharon School District","","2014-2015","Eligible for Free or Reduced-Price Meals","Percent","Suspensions","-9999"
"Sharon School District","","2015-2016","Eligible for Free or Reduced-Price Meals","Percent","Suspensions","-6666"
"Sharon School District","","2016-2017","Eligible for Free or Reduced-Price Meals","Percent","Suspensions","-9999"
"Sharon School District","","2017-2018","Eligible for Free or Reduced-Price Meals","Percent","Suspensions","-9999"
"Sharon School District","","2018-2019","Eligible for Free or Reduced-Price Meals","Percent","Suspensions","-9999"
"Sharon School District","","2019-2020","Eligible for Free or Reduced-Price Meals","Percent","Suspensions","-6666"
"Shelton School District","900168170","2009-2010","Eligible for Free or Reduced-Price Meals","Percent","Suspensions","9.1"
"Shelton School District","900168170","2010-2011","Eligible for Free or Reduced-Price Meals","Percent","Suspensions","10.7"
"Shelton School District","900168170","2011-2012","Eligible for Free or Reduced-Price Meals","Percent","Suspensions","11.3"
"Shelton School District","900168170","2012-2013","Eligible for Free or Reduced-Price Meals","Percent","Suspensions","11.8"
"Shelton School District","900168170","2013-2014","Eligible for Free or Reduced-Price Meals","Percent","Suspensions","9.7"
"Shelton School District","900168170","2014-2015","Eligible for Free or Reduced-Price Meals","Percent","Suspensions","9.2"
"Shelton School District","900168170","2015-2016","Eligible for Free or Reduced-Price Meals","Percent","Suspensions","9.8"
"Shelton School District","900168170","2016-2017","Eligible for Free or Reduced-Price Meals","Percent","Suspensions","9.7"
"Shelton School District","900168170","2017-2018","Eligible for Free or Reduced-Price Meals","Percent","Suspensions","10.1"
"Shelton School District","900168170","2018-2019","Eligible for Free or Reduced-Price Meals","Percent","Suspensions","8.1"
"Shelton School District","900168170","2019-2020","Eligible for Free or Reduced-Price Meals","Percent","Suspensions","7.2"
"Sherman School District","","2009-2010","Eligible for Free or Reduced-Price Meals","Percent","Suspensions","-9999"
"Sherman School District","","2010-2011","Eligible for Free or Reduced-Price Meals","Percent","Suspensions","-9999"
"Sherman School District","","2011-2012","Eligible for Free or Reduced-Price Meals","Percent","Suspensions","-9999"
"Sherman School District","","2012-2013","Eligible for Free or Reduced-Price Meals","Percent","Suspensions","-9999"
"Sherman School District","","2013-2014","Eligible for Free or Reduced-Price Meals","Percent","Suspensions","-9999"
"Sherman School District","","2014-2015","Eligible for Free or Reduced-Price Meals","Percent","Suspensions","-9999"
"Sherman School District","","2015-2016","Eligible for Free or Reduced-Price Meals","Percent","Suspensions","-9999"
"Sherman School District","","2016-2017","Eligible for Free or Reduced-Price Meals","Percent","Suspensions","-9999"
"Sherman School District","","2017-2018","Eligible for Free or Reduced-Price Meals","Percent","Suspensions","-6666"
"Sherman School District","","2018-2019","Eligible for Free or Reduced-Price Meals","Percent","Suspensions","-9999"
"Sherman School District","","2019-2020","Eligible for Free or Reduced-Price Meals","Percent","Suspensions","-9999"
"Side By Side Charter School District","","2009-2010","Eligible for Free or Reduced-Price Meals","Percent","Suspensions","8.6"
"Side By Side Charter School District","","2010-2011","Eligible for Free or Reduced-Price Meals","Percent","Suspensions","12.1"
"Side By Side Charter School District","","2011-2012","Eligible for Free or Reduced-Price Meals","Percent","Suspensions","5.5"
"Side By Side Charter School District","","2012-2013","Eligible for Free or Reduced-Price Meals","Percent","Suspensions","9.3"
"Side By Side Charter School District","","2013-2014","Eligible for Free or Reduced-Price Meals","Percent","Suspensions","6.8"
"Side By Side Charter School District","","2014-2015","Eligible for Free or Reduced-Price Meals","Percent","Suspensions","5.2"
"Side By Side Charter School District","","2015-2016","Eligible for Free or Reduced-Price Meals","Percent","Suspensions","-9999"
"Side By Side Charter School District","","2016-2017","Eligible for Free or Reduced-Price Meals","Percent","Suspensions","-9999"
"Side By Side Charter School District","","2017-2018","Eligible for Free or Reduced-Price Meals","Percent","Suspensions","-9999"
"Side By Side Charter School District","","2018-2019","Eligible for Free or Reduced-Price Meals","Percent","Suspensions","-9999"
"Side By Side Charter School District","","2019-2020","Eligible for Free or Reduced-Price Meals","Percent","Suspensions","-9999"
"Simsbury School District","900368940","2009-2010","Eligible for Free or Reduced-Price Meals","Percent","Suspensions","13.2"
"Simsbury School District","900368940","2010-2011","Eligible for Free or Reduced-Price Meals","Percent","Suspensions","12.5"
"Simsbury School District","900368940","2011-2012","Eligible for Free or Reduced-Price Meals","Percent","Suspensions","13.0"
"Simsbury School District","900368940","2012-2013","Eligible for Free or Reduced-Price Meals","Percent","Suspensions","7.5"
"Simsbury School District","900368940","2013-2014","Eligible for Free or Reduced-Price Meals","Percent","Suspensions","7.0"
"Simsbury School District","900368940","2014-2015","Eligible for Free or Reduced-Price Meals","Percent","Suspensions","8.1"
"Simsbury School District","900368940","2015-2016","Eligible for Free or Reduced-Price Meals","Percent","Suspensions","7.8"
"Simsbury School District","900368940","2016-2017","Eligible for Free or Reduced-Price Meals","Percent","Suspensions","9.3"
"Simsbury School District","900368940","2017-2018","Eligible for Free or Reduced-Price Meals","Percent","Suspensions","6.1"
"Simsbury School District","900368940","2018-2019","Eligible for Free or Reduced-Price Meals","Percent","Suspensions","6.2"
"Simsbury School District","900368940","2019-2020","Eligible for Free or Reduced-Price Meals","Percent","Suspensions","3.3"
"Somers School District","901369220","2009-2010","Eligible for Free or Reduced-Price Meals","Percent","Suspensions","13.3"
"Somers School District","901369220","2010-2011","Eligible for Free or Reduced-Price Meals","Percent","Suspensions","14.9"
"Somers School District","901369220","2011-2012","Eligible for Free or Reduced-Price Meals","Percent","Suspensions","16.1"
"Somers School District","901369220","2012-2013","Eligible for Free or Reduced-Price Meals","Percent","Suspensions","11.8"
"Somers School District","901369220","2013-2014","Eligible for Free or Reduced-Price Meals","Percent","Suspensions","9.1"
"Somers School District","901369220","2014-2015","Eligible for Free or Reduced-Price Meals","Percent","Suspensions","10.5"
"Somers School District","901369220","2015-2016","Eligible for Free or Reduced-Price Meals","Percent","Suspensions","7.1"
"Somers School District","901369220","2016-2017","Eligible for Free or Reduced-Price Meals","Percent","Suspensions","16.4"
"Somers School District","901369220","2017-2018","Eligible for Free or Reduced-Price Meals","Percent","Suspensions","16.0"
"Somers School District","901369220","2018-2019","Eligible for Free or Reduced-Price Meals","Percent","Suspensions","14.4"
"Somers School District","901369220","2019-2020","Eligible for Free or Reduced-Price Meals","Percent","Suspensions","7.5"
"South Windsor School District","900371390","2009-2010","Eligible for Free or Reduced-Price Meals","Percent","Suspensions","9.9"
"South Windsor School District","900371390","2010-2011","Eligible for Free or Reduced-Price Meals","Percent","Suspensions","14.4"
"South Windsor School District","900371390","2011-2012","Eligible for Free or Reduced-Price Meals","Percent","Suspensions","10.1"
"South Windsor School District","900371390","2012-2013","Eligible for Free or Reduced-Price Meals","Percent","Suspensions","7.9"
"South Windsor School District","900371390","2013-2014","Eligible for Free or Reduced-Price Meals","Percent","Suspensions","9.9"
"South Windsor School District","900371390","2014-2015","Eligible for Free or Reduced-Price Meals","Percent","Suspensions","8.6"
"South Windsor School District","900371390","2015-2016","Eligible for Free or Reduced-Price Meals","Percent","Suspensions","10.5"
"South Windsor School District","900371390","2016-2017","Eligible for Free or Reduced-Price Meals","Percent","Suspensions","11.5"
"South Windsor School District","900371390","2017-2018","Eligible for Free or Reduced-Price Meals","Percent","Suspensions","9.9"
"South Windsor School District","900371390","2018-2019","Eligible for Free or Reduced-Price Meals","Percent","Suspensions","8.2"
"South Windsor School District","900371390","2019-2020","Eligible for Free or Reduced-Price Meals","Percent","Suspensions","5.2"
"Southington School District","900370550","2009-2010","Eligible for Free or Reduced-Price Meals","Percent","Suspensions","16.0"
"Southington School District","900370550","2010-2011","Eligible for Free or Reduced-Price Meals","Percent","Suspensions","11.0"
"Southington School District","900370550","2011-2012","Eligible for Free or Reduced-Price Meals","Percent","Suspensions","9.2"
"Southington School District","900370550","2012-2013","Eligible for Free or Reduced-Price Meals","Percent","Suspensions","9.4"
"Southington School District","900370550","2013-2014","Eligible for Free or Reduced-Price Meals","Percent","Suspensions","8.4"
"Southington School District","900370550","2014-2015","Eligible for Free or Reduced-Price Meals","Percent","Suspensions","7.5"
"Southington School District","900370550","2015-2016","Eligible for Free or Reduced-Price Meals","Percent","Suspensions","7.4"
"Southington School District","900370550","2016-2017","Eligible for Free or Reduced-Price Meals","Percent","Suspensions","2.7"
"Southington School District","900370550","2017-2018","Eligible for Free or Reduced-Price Meals","Percent","Suspensions","9.2"
"Southington School District","900370550","2018-2019","Eligible for Free or Reduced-Price Meals","Percent","Suspensions","8.4"
"Southington School District","900370550","2019-2020","Eligible for Free or Reduced-Price Meals","Percent","Suspensions","5.3"
"Sprague School District","","2009-2010","Eligible for Free or Reduced-Price Meals","Percent","Suspensions","7.8"
"Sprague School District","","2010-2011","Eligible for Free or Reduced-Price Meals","Percent","Suspensions","8.5"
"Sprague School District","","2011-2012","Eligible for Free or Reduced-Price Meals","Percent","Suspensions","11.6"
"Sprague School District","","2012-2013","Eligible for Free or Reduced-Price Meals","Percent","Suspensions","12.4"
"Sprague School District","","2013-2014","Eligible for Free or Reduced-Price Meals","Percent","Suspensions","11.5"
"Sprague School District","","2014-2015","Eligible for Free or Reduced-Price Meals","Percent","Suspensions","12.1"
"Sprague School District","","2015-2016","Eligible for Free or Reduced-Price Meals","Percent","Suspensions","13.3"
"Sprague School District","","2016-2017","Eligible for Free or Reduced-Price Meals","Percent","Suspensions","7.5"
"Sprague School District","","2017-2018","Eligible for Free or Reduced-Price Meals","Percent","Suspensions","11.1"
"Sprague School District","","2018-2019","Eligible for Free or Reduced-Price Meals","Percent","Suspensions","10.6"
"Sprague School District","","2019-2020","Eligible for Free or Reduced-Price Meals","Percent","Suspensions","6.4"
"Stafford School District","901372090","2009-2010","Eligible for Free or Reduced-Price Meals","Percent","Suspensions","16.7"
"Stafford School District","901372090","2010-2011","Eligible for Free or Reduced-Price Meals","Percent","Suspensions","16.0"
"Stafford School District","901372090","2011-2012","Eligible for Free or Reduced-Price Meals","Percent","Suspensions","14.3"
"Stafford School District","901372090","2012-2013","Eligible for Free or Reduced-Price Meals","Percent","Suspensions","10.5"
"Stafford School District","901372090","2013-2014","Eligible for Free or Reduced-Price Meals","Percent","Suspensions","7.6"
"Stafford School District","901372090","2014-2015","Eligible for Free or Reduced-Price Meals","Percent","Suspensions","10.4"
"Stafford School District","901372090","2015-2016","Eligible for Free or Reduced-Price Meals","Percent","Suspensions","8.5"
"Stafford School District","901372090","2016-2017","Eligible for Free or Reduced-Price Meals","Percent","Suspensions","5.7"
"Stafford School District","901372090","2017-2018","Eligible for Free or Reduced-Price Meals","Percent","Suspensions","7.8"
"Stafford School District","901372090","2018-2019","Eligible for Free or Reduced-Price Meals","Percent","Suspensions","7.7"
"Stafford School District","901372090","2019-2020","Eligible for Free or Reduced-Price Meals","Percent","Suspensions","8.8"
"Stamford Academy District","","2009-2010","Eligible for Free or Reduced-Price Meals","Percent","Suspensions","-6666"
"Stamford Academy District","","2010-2011","Eligible for Free or Reduced-Price Meals","Percent","Suspensions","20.9"
"Stamford Academy District","","2011-2012","Eligible for Free or Reduced-Price Meals","Percent","Suspensions","-9999"
"Stamford Academy District","","2012-2013","Eligible for Free or Reduced-Price Meals","Percent","Suspensions","23.6"
"Stamford Academy District","","2013-2014","Eligible for Free or Reduced-Price Meals","Percent","Suspensions","41.3"
"Stamford Academy District","","2014-2015","Eligible for Free or Reduced-Price Meals","Percent","Suspensions","30.4"
"Stamford Academy District","","2015-2016","Eligible for Free or Reduced-Price Meals","Percent","Suspensions","21.8"
"Stamford Academy District","","2016-2017","Eligible for Free or Reduced-Price Meals","Percent","Suspensions","12.0"
"Stamford Academy District","","2017-2018","Eligible for Free or Reduced-Price Meals","Percent","Suspensions","5.8"
"Stamford Academy District","","2018-2019","Eligible for Free or Reduced-Price Meals","Percent","Suspensions","-9999"
"Stamford Academy District","","2019-2020","Eligible for Free or Reduced-Price Meals","Percent","Suspensions","-9999"
"Stamford Charter School for Excellence District","","2009-2010","Eligible for Free or Reduced-Price Meals","Percent","Suspensions","0"
"Stamford Charter School for Excellence District","","2010-2011","Eligible for Free or Reduced-Price Meals","Percent","Suspensions","0"
"Stamford Charter School for Excellence District","","2011-2012","Eligible for Free or Reduced-Price Meals","Percent","Suspensions","0"
"Stamford Charter School for Excellence District","","2012-2013","Eligible for Free or Reduced-Price Meals","Percent","Suspensions","0"
"Stamford Charter School for Excellence District","","2013-2014","Eligible for Free or Reduced-Price Meals","Percent","Suspensions","0"
"Stamford Charter School for Excellence District","","2014-2015","Eligible for Free or Reduced-Price Meals","Percent","Suspensions","0"
"Stamford Charter School for Excellence District","","2015-2016","Eligible for Free or Reduced-Price Meals","Percent","Suspensions","-9999"
"Stamford Charter School for Excellence District","","2016-2017","Eligible for Free or Reduced-Price Meals","Percent","Suspensions","-9999"
"Stamford Charter School for Excellence District","","2017-2018","Eligible for Free or Reduced-Price Meals","Percent","Suspensions","-9999"
"Stamford Charter School for Excellence District","","2018-2019","Eligible for Free or Reduced-Price Meals","Percent","Suspensions","-9999"
"Stamford Charter School for Excellence District","","2019-2020","Eligible for Free or Reduced-Price Meals","Percent","Suspensions","-9999"
"Stamford School District","900173070","2009-2010","Eligible for Free or Reduced-Price Meals","Percent","Suspensions","5.6"
"Stamford School District","900173070","2010-2011","Eligible for Free or Reduced-Price Meals","Percent","Suspensions","5.9"
"Stamford School District","900173070","2011-2012","Eligible for Free or Reduced-Price Meals","Percent","Suspensions","5.6"
"Stamford School District","900173070","2012-2013","Eligible for Free or Reduced-Price Meals","Percent","Suspensions","4.0"
"Stamford School District","900173070","2013-2014","Eligible for Free or Reduced-Price Meals","Percent","Suspensions","4.5"
"Stamford School District","900173070","2014-2015","Eligible for Free or Reduced-Price Meals","Percent","Suspensions","3.9"
"Stamford School District","900173070","2015-2016","Eligible for Free or Reduced-Price Meals","Percent","Suspensions","5.5"
"Stamford School District","900173070","2016-2017","Eligible for Free or Reduced-Price Meals","Percent","Suspensions","5.4"
"Stamford School District","900173070","2017-2018","Eligible for Free or Reduced-Price Meals","Percent","Suspensions","5.4"
"Stamford School District","900173070","2018-2019","Eligible for Free or Reduced-Price Meals","Percent","Suspensions","6.0"
"Stamford School District","900173070","2019-2020","Eligible for Free or Reduced-Price Meals","Percent","Suspensions","4.3"
"Sterling School District","","2009-2010","Eligible for Free or Reduced-Price Meals","Percent","Suspensions","10.7"
"Sterling School District","","2010-2011","Eligible for Free or Reduced-Price Meals","Percent","Suspensions","10.4"
"Sterling School District","","2011-2012","Eligible for Free or Reduced-Price Meals","Percent","Suspensions","10.9"
"Sterling School District","","2012-2013","Eligible for Free or Reduced-Price Meals","Percent","Suspensions","-6666"
"Sterling School District","","2013-2014","Eligible for Free or Reduced-Price Meals","Percent","Suspensions","11.4"
"Sterling School District","","2014-2015","Eligible for Free or Reduced-Price Meals","Percent","Suspensions","9.9"
"Sterling School District","","2015-2016","Eligible for Free or Reduced-Price Meals","Percent","Suspensions","3.7"
"Sterling School District","","2016-2017","Eligible for Free or Reduced-Price Meals","Percent","Suspensions","3.6"
"Sterling School District","","2017-2018","Eligible for Free or Reduced-Price Meals","Percent","Suspensions","8.6"
"Sterling School District","","2018-2019","Eligible for Free or Reduced-Price Meals","Percent","Suspensions","7.9"
"Sterling School District","","2019-2020","Eligible for Free or Reduced-Price Meals","Percent","Suspensions","12.3"
"Stonington School District","901173770","2009-2010","Eligible for Free or Reduced-Price Meals","Percent","Suspensions","10.5"
"Stonington School District","901173770","2010-2011","Eligible for Free or Reduced-Price Meals","Percent","Suspensions","14.5"
"Stonington School District","901173770","2011-2012","Eligible for Free or Reduced-Price Meals","Percent","Suspensions","13.2"
"Stonington School District","901173770","2012-2013","Eligible for Free or Reduced-Price Meals","Percent","Suspensions","12.1"
"Stonington School District","901173770","2013-2014","Eligible for Free or Reduced-Price Meals","Percent","Suspensions","12.0"
"Stonington School District","901173770","2014-2015","Eligible for Free or Reduced-Price Meals","Percent","Suspensions","11.8"
"Stonington School District","901173770","2015-2016","Eligible for Free or Reduced-Price Meals","Percent","Suspensions","11.6"
"Stonington School District","901173770","2016-2017","Eligible for Free or Reduced-Price Meals","Percent","Suspensions","10.4"
"Stonington School District","901173770","2017-2018","Eligible for Free or Reduced-Price Meals","Percent","Suspensions","8.6"
"Stonington School District","901173770","2018-2019","Eligible for Free or Reduced-Price Meals","Percent","Suspensions","8.9"
"Stonington School District","901173770","2019-2020","Eligible for Free or Reduced-Price Meals","Percent","Suspensions","7.9"
"Stratford School District","900174190","2009-2010","Eligible for Free or Reduced-Price Meals","Percent","Suspensions","14.5"
"Stratford School District","900174190","2010-2011","Eligible for Free or Reduced-Price Meals","Percent","Suspensions","12.4"
"Stratford School District","900174190","2011-2012","Eligible for Free or Reduced-Price Meals","Percent","Suspensions","10.3"
"Stratford School District","900174190","2012-2013","Eligible for Free or Reduced-Price Meals","Percent","Suspensions","12.0"
"Stratford School District","900174190","2013-2014","Eligible for Free or Reduced-Price Meals","Percent","Suspensions","9.7"
"Stratford School District","900174190","2014-2015","Eligible for Free or Reduced-Price Meals","Percent","Suspensions","9.8"
"Stratford School District","900174190","2015-2016","Eligible for Free or Reduced-Price Meals","Percent","Suspensions","9.7"
"Stratford School District","900174190","2016-2017","Eligible for Free or Reduced-Price Meals","Percent","Suspensions","9.6"
"Stratford School District","900174190","2017-2018","Eligible for Free or Reduced-Price Meals","Percent","Suspensions","8.9"
"Stratford School District","900174190","2018-2019","Eligible for Free or Reduced-Price Meals","Percent","Suspensions","10.0"
"Stratford School District","900174190","2019-2020","Eligible for Free or Reduced-Price Meals","Percent","Suspensions","7.8"
"Suffield School District","900374540","2009-2010","Eligible for Free or Reduced-Price Meals","Percent","Suspensions","17.6"
"Suffield School District","900374540","2010-2011","Eligible for Free or Reduced-Price Meals","Percent","Suspensions","14.3"
"Suffield School District","900374540","2011-2012","Eligible for Free or Reduced-Price Meals","Percent","Suspensions","16.5"
"Suffield School District","900374540","2012-2013","Eligible for Free or Reduced-Price Meals","Percent","Suspensions","8.5"
"Suffield School District","900374540","2013-2014","Eligible for Free or Reduced-Price Meals","Percent","Suspensions","7.8"
"Suffield School District","900374540","2014-2015","Eligible for Free or Reduced-Price Meals","Percent","Suspensions","5.1"
"Suffield School District","900374540","2015-2016","Eligible for Free or Reduced-Price Meals","Percent","Suspensions","14.1"
"Suffield School District","900374540","2016-2017","Eligible for Free or Reduced-Price Meals","Percent","Suspensions","11.4"
"Suffield School District","900374540","2017-2018","Eligible for Free or Reduced-Price Meals","Percent","Suspensions","12.0"
"Suffield School District","900374540","2018-2019","Eligible for Free or Reduced-Price Meals","Percent","Suspensions","8.6"
"Suffield School District","900374540","2019-2020","Eligible for Free or Reduced-Price Meals","Percent","Suspensions","7.3"
"The Bridge Academy District","","2009-2010","Eligible for Free or Reduced-Price Meals","Percent","Suspensions","38.9"
"The Bridge Academy District","","2010-2011","Eligible for Free or Reduced-Price Meals","Percent","Suspensions","25.3"
"The Bridge Academy District","","2011-2012","Eligible for Free or Reduced-Price Meals","Percent","Suspensions","24.5"
"The Bridge Academy District","","2012-2013","Eligible for Free or Reduced-Price Meals","Percent","Suspensions","23.0"
"The Bridge Academy District","","2013-2014","Eligible for Free or Reduced-Price Meals","Percent","Suspensions","14.0"
"The Bridge Academy District","","2014-2015","Eligible for Free or Reduced-Price Meals","Percent","Suspensions","20.3"
"The Bridge Academy District","","2015-2016","Eligible for Free or Reduced-Price Meals","Percent","Suspensions","20.5"
"The Bridge Academy District","","2016-2017","Eligible for Free or Reduced-Price Meals","Percent","Suspensions","20.6"
"The Bridge Academy District","","2017-2018","Eligible for Free or Reduced-Price Meals","Percent","Suspensions","13.1"
"The Bridge Academy District","","2018-2019","Eligible for Free or Reduced-Price Meals","Percent","Suspensions","10.9"
"The Bridge Academy District","","2019-2020","Eligible for Free or Reduced-Price Meals","Percent","Suspensions","3.0"
"The Gilbert School District","","2009-2010","Eligible for Free or Reduced-Price Meals","Percent","Suspensions","24.8"
"The Gilbert School District","","2010-2011","Eligible for Free or Reduced-Price Meals","Percent","Suspensions","23.1"
"The Gilbert School District","","2011-2012","Eligible for Free or Reduced-Price Meals","Percent","Suspensions","26.4"
"The Gilbert School District","","2012-2013","Eligible for Free or Reduced-Price Meals","Percent","Suspensions","30.3"
"The Gilbert School District","","2013-2014","Eligible for Free or Reduced-Price Meals","Percent","Suspensions","38.9"
"The Gilbert School District","","2014-2015","Eligible for Free or Reduced-Price Meals","Percent","Suspensions","42.4"
"The Gilbert School District","","2015-2016","Eligible for Free or Reduced-Price Meals","Percent","Suspensions","22.4"
"The Gilbert School District","","2016-2017","Eligible for Free or Reduced-Price Meals","Percent","Suspensions","24.7"
"The Gilbert School District","","2017-2018","Eligible for Free or Reduced-Price Meals","Percent","Suspensions","25.2"
"The Gilbert School District","","2018-2019","Eligible for Free or Reduced-Price Meals","Percent","Suspensions","21.9"
"The Gilbert School District","","2019-2020","Eligible for Free or Reduced-Price Meals","Percent","Suspensions","16.6"
"Thomaston School District","900575730","2009-2010","Eligible for Free or Reduced-Price Meals","Percent","Suspensions","12.0"
"Thomaston School District","900575730","2010-2011","Eligible for Free or Reduced-Price Meals","Percent","Suspensions","11.5"
"Thomaston School District","900575730","2011-2012","Eligible for Free or Reduced-Price Meals","Percent","Suspensions","12.8"
"Thomaston School District","900575730","2012-2013","Eligible for Free or Reduced-Price Meals","Percent","Suspensions","10.8"
"Thomaston School District","900575730","2013-2014","Eligible for Free or Reduced-Price Meals","Percent","Suspensions","8.5"
"Thomaston School District","900575730","2014-2015","Eligible for Free or Reduced-Price Meals","Percent","Suspensions","8.7"
"Thomaston School District","900575730","2015-2016","Eligible for Free or Reduced-Price Meals","Percent","Suspensions","9.6"
"Thomaston School District","900575730","2016-2017","Eligible for Free or Reduced-Price Meals","Percent","Suspensions","13.4"
"Thomaston School District","900575730","2017-2018","Eligible for Free or Reduced-Price Meals","Percent","Suspensions","14.0"
"Thomaston School District","900575730","2018-2019","Eligible for Free or Reduced-Price Meals","Percent","Suspensions","10.1"
"Thomaston School District","900575730","2019-2020","Eligible for Free or Reduced-Price Meals","Percent","Suspensions","4.9"
"Thompson School District","901575870","2009-2010","Eligible for Free or Reduced-Price Meals","Percent","Suspensions","11.0"
"Thompson School District","901575870","2010-2011","Eligible for Free or Reduced-Price Meals","Percent","Suspensions","9.1"
"Thompson School District","901575870","2011-2012","Eligible for Free or Reduced-Price Meals","Percent","Suspensions","13.3"
"Thompson School District","901575870","2012-2013","Eligible for Free or Reduced-Price Meals","Percent","Suspensions","9.1"
"Thompson School District","901575870","2013-2014","Eligible for Free or Reduced-Price Meals","Percent","Suspensions","10.5"
"Thompson School District","901575870","2014-2015","Eligible for Free or Reduced-Price Meals","Percent","Suspensions","7.7"
"Thompson School District","901575870","2015-2016","Eligible for Free or Reduced-Price Meals","Percent","Suspensions","12.5"
"Thompson School District","901575870","2016-2017","Eligible for Free or Reduced-Price Meals","Percent","Suspensions","14.3"
"Thompson School District","901575870","2017-2018","Eligible for Free or Reduced-Price Meals","Percent","Suspensions","12.7"
"Thompson School District","901575870","2018-2019","Eligible for Free or Reduced-Price Meals","Percent","Suspensions","10.4"
"Thompson School District","901575870","2019-2020","Eligible for Free or Reduced-Price Meals","Percent","Suspensions","7.2"
"Tolland School District","901376290","2009-2010","Eligible for Free or Reduced-Price Meals","Percent","Suspensions","14.7"
"Tolland School District","901376290","2010-2011","Eligible for Free or Reduced-Price Meals","Percent","Suspensions","11.0"
"Tolland School District","901376290","2011-2012","Eligible for Free or Reduced-Price Meals","Percent","Suspensions","10.1"
"Tolland School District","901376290","2012-2013","Eligible for Free or Reduced-Price Meals","Percent","Suspensions","11.9"
"Tolland School District","901376290","2013-2014","Eligible for Free or Reduced-Price Meals","Percent","Suspensions","5.7"
"Tolland School District","901376290","2014-2015","Eligible for Free or Reduced-Price Meals","Percent","Suspensions","4.3"
"Tolland School District","901376290","2015-2016","Eligible for Free or Reduced-Price Meals","Percent","Suspensions","7.4"
"Tolland School District","901376290","2016-2017","Eligible for Free or Reduced-Price Meals","Percent","Suspensions","8.9"
"Tolland School District","901376290","2017-2018","Eligible for Free or Reduced-Price Meals","Percent","Suspensions","8.8"
"Tolland School District","901376290","2018-2019","Eligible for Free or Reduced-Price Meals","Percent","Suspensions","8.8"
"Tolland School District","901376290","2019-2020","Eligible for Free or Reduced-Price Meals","Percent","Suspensions","4.1"
"Torrington School District","900576570","2009-2010","Eligible for Free or Reduced-Price Meals","Percent","Suspensions","12.4"
"Torrington School District","900576570","2010-2011","Eligible for Free or Reduced-Price Meals","Percent","Suspensions","13.1"
"Torrington School District","900576570","2011-2012","Eligible for Free or Reduced-Price Meals","Percent","Suspensions","14.4"
"Torrington School District","900576570","2012-2013","Eligible for Free or Reduced-Price Meals","Percent","Suspensions","13.0"
"Torrington School District","900576570","2013-2014","Eligible for Free or Reduced-Price Meals","Percent","Suspensions","12.1"
"Torrington School District","900576570","2014-2015","Eligible for Free or Reduced-Price Meals","Percent","Suspensions","10.1"
"Torrington School District","900576570","2015-2016","Eligible for Free or Reduced-Price Meals","Percent","Suspensions","9.9"
"Torrington School District","900576570","2016-2017","Eligible for Free or Reduced-Price Meals","Percent","Suspensions","8.6"
"Torrington School District","900576570","2017-2018","Eligible for Free or Reduced-Price Meals","Percent","Suspensions","9.6"
"Torrington School District","900576570","2018-2019","Eligible for Free or Reduced-Price Meals","Percent","Suspensions","9.4"
"Torrington School District","900576570","2019-2020","Eligible for Free or Reduced-Price Meals","Percent","Suspensions","7.0"
"Trailblazers Academy District","","2009-2010","Eligible for Free or Reduced-Price Meals","Percent","Suspensions","-9999"
"Trailblazers Academy District","","2010-2011","Eligible for Free or Reduced-Price Meals","Percent","Suspensions","-9999"
"Trailblazers Academy District","","2011-2012","Eligible for Free or Reduced-Price Meals","Percent","Suspensions","-9999"
"Trailblazers Academy District","","2012-2013","Eligible for Free or Reduced-Price Meals","Percent","Suspensions","4.6"
"Trailblazers Academy District","","2013-2014","Eligible for Free or Reduced-Price Meals","Percent","Suspensions","9.9"
"Trailblazers Academy District","","2014-2015","Eligible for Free or Reduced-Price Meals","Percent","Suspensions","13.2"
"Trailblazers Academy District","","2015-2016","Eligible for Free or Reduced-Price Meals","Percent","Suspensions","29.6"
"Trailblazers Academy District","","2016-2017","Eligible for Free or Reduced-Price Meals","Percent","Suspensions","38.8"
"Trailblazers Academy District","","2017-2018","Eligible for Free or Reduced-Price Meals","Percent","Suspensions","8.5"
"Trailblazers Academy District","","2018-2019","Eligible for Free or Reduced-Price Meals","Percent","Suspensions","6.9"
"Trailblazers Academy District","","2019-2020","Eligible for Free or Reduced-Price Meals","Percent","Suspensions","0"
"Trumbull School District","900177200","2009-2010","Eligible for Free or Reduced-Price Meals","Percent","Suspensions","6.1"
"Trumbull School District","900177200","2010-2011","Eligible for Free or Reduced-Price Meals","Percent","Suspensions","5.7"
"Trumbull School District","900177200","2011-2012","Eligible for Free or Reduced-Price Meals","Percent","Suspensions","3.0"
"Trumbull School District","900177200","2012-2013","Eligible for Free or Reduced-Price Meals","Percent","Suspensions","6.1"
"Trumbull School District","900177200","2013-2014","Eligible for Free or Reduced-Price Meals","Percent","Suspensions","4.7"
"Trumbull School District","900177200","2014-2015","Eligible for Free or Reduced-Price Meals","Percent","Suspensions","3.5"
"Trumbull School District","900177200","2015-2016","Eligible for Free or Reduced-Price Meals","Percent","Suspensions","2.7"
"Trumbull School District","900177200","2016-2017","Eligible for Free or Reduced-Price Meals","Percent","Suspensions","2.5"
"Trumbull School District","900177200","2017-2018","Eligible for Free or Reduced-Price Meals","Percent","Suspensions","3.9"
"Trumbull School District","900177200","2018-2019","Eligible for Free or Reduced-Price Meals","Percent","Suspensions","4.0"
"Trumbull School District","900177200","2019-2020","Eligible for Free or Reduced-Price Meals","Percent","Suspensions","1.9"
"Unified School District #1","","2009-2010","Eligible for Free or Reduced-Price Meals","Percent","Suspensions","-6666"
"Unified School District #1","","2010-2011","Eligible for Free or Reduced-Price Meals","Percent","Suspensions","-6666"
"Unified School District #1","","2011-2012","Eligible for Free or Reduced-Price Meals","Percent","Suspensions","-6666"
"Unified School District #1","","2012-2013","Eligible for Free or Reduced-Price Meals","Percent","Suspensions","-6666"
"Unified School District #1","","2013-2014","Eligible for Free or Reduced-Price Meals","Percent","Suspensions","-6666"
"Unified School District #1","","2014-2015","Eligible for Free or Reduced-Price Meals","Percent","Suspensions","-6666"
"Unified School District #1","","2015-2016","Eligible for Free or Reduced-Price Meals","Percent","Suspensions","-6666"
"Unified School District #1","","2016-2017","Eligible for Free or Reduced-Price Meals","Percent","Suspensions","-6666"
"Unified School District #1","","2017-2018","Eligible for Free or Reduced-Price Meals","Percent","Suspensions","-6666"
"Unified School District #1","","2018-2019","Eligible for Free or Reduced-Price Meals","Percent","Suspensions","-6666"
"Unified School District #1","","2019-2020","Eligible for Free or Reduced-Price Meals","Percent","Suspensions","-6666"
"Unified School District #2","","2009-2010","Eligible for Free or Reduced-Price Meals","Percent","Suspensions","21.8"
"Unified School District #2","","2010-2011","Eligible for Free or Reduced-Price Meals","Percent","Suspensions","23.0"
"Unified School District #2","","2011-2012","Eligible for Free or Reduced-Price Meals","Percent","Suspensions","23.5"
"Unified School District #2","","2012-2013","Eligible for Free or Reduced-Price Meals","Percent","Suspensions","39.4"
"Unified School District #2","","2013-2014","Eligible for Free or Reduced-Price Meals","Percent","Suspensions","25.0"
"Unified School District #2","","2014-2015","Eligible for Free or Reduced-Price Meals","Percent","Suspensions","30.9"
"Unified School District #2","","2015-2016","Eligible for Free or Reduced-Price Meals","Percent","Suspensions","33.0"
"Unified School District #2","","2016-2017","Eligible for Free or Reduced-Price Meals","Percent","Suspensions","33.5"
"Unified School District #2","","2017-2018","Eligible for Free or Reduced-Price Meals","Percent","Suspensions","13.8"
"Unified School District #2","","2018-2019","Eligible for Free or Reduced-Price Meals","Percent","Suspensions","-9999"
"Unified School District #2","","2019-2020","Eligible for Free or Reduced-Price Meals","Percent","Suspensions","-6666"
"Union School District","","2009-2010","Eligible for Free or Reduced-Price Meals","Percent","Suspensions","-9999"
"Union School District","","2010-2011","Eligible for Free or Reduced-Price Meals","Percent","Suspensions","-9999"
"Union School District","","2011-2012","Eligible for Free or Reduced-Price Meals","Percent","Suspensions","-9999"
"Union School District","","2012-2013","Eligible for Free or Reduced-Price Meals","Percent","Suspensions","-9999"
"Union School District","","2013-2014","Eligible for Free or Reduced-Price Meals","Percent","Suspensions","-9999"
"Union School District","","2014-2015","Eligible for Free or Reduced-Price Meals","Percent","Suspensions","-9999"
"Union School District","","2015-2016","Eligible for Free or Reduced-Price Meals","Percent","Suspensions","-9999"
"Union School District","","2016-2017","Eligible for Free or Reduced-Price Meals","Percent","Suspensions","-9999"
"Union School District","","2017-2018","Eligible for Free or Reduced-Price Meals","Percent","Suspensions","-9999"
"Union School District","","2018-2019","Eligible for Free or Reduced-Price Meals","Percent","Suspensions","-9999"
"Union School District","","2019-2020","Eligible for Free or Reduced-Price Meals","Percent","Suspensions","-9999"
"Vernon School District","901378250","2009-2010","Eligible for Free or Reduced-Price Meals","Percent","Suspensions","16.4"
"Vernon School District","901378250","2010-2011","Eligible for Free or Reduced-Price Meals","Percent","Suspensions","13.5"
"Vernon School District","901378250","2011-2012","Eligible for Free or Reduced-Price Meals","Percent","Suspensions","14.4"
"Vernon School District","901378250","2012-2013","Eligible for Free or Reduced-Price Meals","Percent","Suspensions","14.0"
"Vernon School District","901378250","2013-2014","Eligible for Free or Reduced-Price Meals","Percent","Suspensions","14.0"
"Vernon School District","901378250","2014-2015","Eligible for Free or Reduced-Price Meals","Percent","Suspensions","14.5"
"Vernon School District","901378250","2015-2016","Eligible for Free or Reduced-Price Meals","Percent","Suspensions","15.4"
"Vernon School District","901378250","2016-2017","Eligible for Free or Reduced-Price Meals","Percent","Suspensions","15.6"
"Vernon School District","901378250","2017-2018","Eligible for Free or Reduced-Price Meals","Percent","Suspensions","11.6"
"Vernon School District","901378250","2018-2019","Eligible for Free or Reduced-Price Meals","Percent","Suspensions","10.5"
"Vernon School District","901378250","2019-2020","Eligible for Free or Reduced-Price Meals","Percent","Suspensions","8.7"
"Voluntown School District","","2009-2010","Eligible for Free or Reduced-Price Meals","Percent","Suspensions","8.2"
"Voluntown School District","","2010-2011","Eligible for Free or Reduced-Price Meals","Percent","Suspensions","-9999"
"Voluntown School District","","2011-2012","Eligible for Free or Reduced-Price Meals","Percent","Suspensions","-9999"
"Voluntown School District","","2012-2013","Eligible for Free or Reduced-Price Meals","Percent","Suspensions","-6666"
"Voluntown School District","","2013-2014","Eligible for Free or Reduced-Price Meals","Percent","Suspensions","-9999"
"Voluntown School District","","2014-2015","Eligible for Free or Reduced-Price Meals","Percent","Suspensions","-9999"
"Voluntown School District","","2015-2016","Eligible for Free or Reduced-Price Meals","Percent","Suspensions","-9999"
"Voluntown School District","","2016-2017","Eligible for Free or Reduced-Price Meals","Percent","Suspensions","-9999"
"Voluntown School District","","2017-2018","Eligible for Free or Reduced-Price Meals","Percent","Suspensions","-9999"
"Voluntown School District","","2018-2019","Eligible for Free or Reduced-Price Meals","Percent","Suspensions","-6666"
"Voluntown School District","","2019-2020","Eligible for Free or Reduced-Price Meals","Percent","Suspensions","-6666"
"Wallingford School District","900978740","2009-2010","Eligible for Free or Reduced-Price Meals","Percent","Suspensions","13.2"
"Wallingford School District","900978740","2010-2011","Eligible for Free or Reduced-Price Meals","Percent","Suspensions","12.0"
"Wallingford School District","900978740","2011-2012","Eligible for Free or Reduced-Price Meals","Percent","Suspensions","10.2"
"Wallingford School District","900978740","2012-2013","Eligible for Free or Reduced-Price Meals","Percent","Suspensions","11.9"
"Wallingford School District","900978740","2013-2014","Eligible for Free or Reduced-Price Meals","Percent","Suspensions","9.3"
"Wallingford School District","900978740","2014-2015","Eligible for Free or Reduced-Price Meals","Percent","Suspensions","10.8"
"Wallingford School District","900978740","2015-2016","Eligible for Free or Reduced-Price Meals","Percent","Suspensions","7.7"
"Wallingford School District","900978740","2016-2017","Eligible for Free or Reduced-Price Meals","Percent","Suspensions","7.1"
"Wallingford School District","900978740","2017-2018","Eligible for Free or Reduced-Price Meals","Percent","Suspensions","8.8"
"Wallingford School District","900978740","2018-2019","Eligible for Free or Reduced-Price Meals","Percent","Suspensions","8.6"
"Wallingford School District","900978740","2019-2020","Eligible for Free or Reduced-Price Meals","Percent","Suspensions","7.4"
"Waterbury School District","900980070","2009-2010","Eligible for Free or Reduced-Price Meals","Percent","Suspensions","25.1"
"Waterbury School District","900980070","2010-2011","Eligible for Free or Reduced-Price Meals","Percent","Suspensions","23.9"
"Waterbury School District","900980070","2011-2012","Eligible for Free or Reduced-Price Meals","Percent","Suspensions","23.1"
"Waterbury School District","900980070","2012-2013","Eligible for Free or Reduced-Price Meals","Percent","Suspensions","21.4"
"Waterbury School District","900980070","2013-2014","Eligible for Free or Reduced-Price Meals","Percent","Suspensions","21.1"
"Waterbury School District","900980070","2014-2015","Eligible for Free or Reduced-Price Meals","Percent","Suspensions","20.8"
"Waterbury School District","900980070","2015-2016","Eligible for Free or Reduced-Price Meals","Percent","Suspensions","19.7"
"Waterbury School District","900980070","2016-2017","Eligible for Free or Reduced-Price Meals","Percent","Suspensions","17.7"
"Waterbury School District","900980070","2017-2018","Eligible for Free or Reduced-Price Meals","Percent","Suspensions","18.1"
"Waterbury School District","900980070","2018-2019","Eligible for Free or Reduced-Price Meals","Percent","Suspensions","16.1"
"Waterbury School District","900980070","2019-2020","Eligible for Free or Reduced-Price Meals","Percent","Suspensions","12.0"
"Waterford School District","901180280","2009-2010","Eligible for Free or Reduced-Price Meals","Percent","Suspensions","13.1"
"Waterford School District","901180280","2010-2011","Eligible for Free or Reduced-Price Meals","Percent","Suspensions","13.1"
"Waterford School District","901180280","2011-2012","Eligible for Free or Reduced-Price Meals","Percent","Suspensions","14.0"
"Waterford School District","901180280","2012-2013","Eligible for Free or Reduced-Price Meals","Percent","Suspensions","8.3"
"Waterford School District","901180280","2013-2014","Eligible for Free or Reduced-Price Meals","Percent","Suspensions","11.2"
"Waterford School District","901180280","2014-2015","Eligible for Free or Reduced-Price Meals","Percent","Suspensions","12.3"
"Waterford School District","901180280","2015-2016","Eligible for Free or Reduced-Price Meals","Percent","Suspensions","13.0"
"Waterford School District","901180280","2016-2017","Eligible for Free or Reduced-Price Meals","Percent","Suspensions","10.4"
"Waterford School District","901180280","2017-2018","Eligible for Free or Reduced-Price Meals","Percent","Suspensions","8.7"
"Waterford School District","901180280","2018-2019","Eligible for Free or Reduced-Price Meals","Percent","Suspensions","7.7"
"Waterford School District","901180280","2019-2020","Eligible for Free or Reduced-Price Meals","Percent","Suspensions","4.6"
"Watertown School District","900580490","2009-2010","Eligible for Free or Reduced-Price Meals","Percent","Suspensions","15.7"
"Watertown School District","900580490","2010-2011","Eligible for Free or Reduced-Price Meals","Percent","Suspensions","19.0"
"Watertown School District","900580490","2011-2012","Eligible for Free or Reduced-Price Meals","Percent","Suspensions","15.9"
"Watertown School District","900580490","2012-2013","Eligible for Free or Reduced-Price Meals","Percent","Suspensions","16.3"
"Watertown School District","900580490","2013-2014","Eligible for Free or Reduced-Price Meals","Percent","Suspensions","17.3"
"Watertown School District","900580490","2014-2015","Eligible for Free or Reduced-Price Meals","Percent","Suspensions","11.4"
"Watertown School District","900580490","2015-2016","Eligible for Free or Reduced-Price Meals","Percent","Suspensions","12.9"
"Watertown School District","900580490","2016-2017","Eligible for Free or Reduced-Price Meals","Percent","Suspensions","10.8"
"Watertown School District","900580490","2017-2018","Eligible for Free or Reduced-Price Meals","Percent","Suspensions","8.3"
"Watertown School District","900580490","2018-2019","Eligible for Free or Reduced-Price Meals","Percent","Suspensions","11.1"
"Watertown School District","900580490","2019-2020","Eligible for Free or Reduced-Price Meals","Percent","Suspensions","5.7"
"West Hartford School District","900382590","2009-2010","Eligible for Free or Reduced-Price Meals","Percent","Suspensions","13.7"
"West Hartford School District","900382590","2010-2011","Eligible for Free or Reduced-Price Meals","Percent","Suspensions","12.2"
"West Hartford School District","900382590","2011-2012","Eligible for Free or Reduced-Price Meals","Percent","Suspensions","10.9"
"West Hartford School District","900382590","2012-2013","Eligible for Free or Reduced-Price Meals","Percent","Suspensions","8.5"
"West Hartford School District","900382590","2013-2014","Eligible for Free or Reduced-Price Meals","Percent","Suspensions","9.6"
"West Hartford School District","900382590","2014-2015","Eligible for Free or Reduced-Price Meals","Percent","Suspensions","8.9"
"West Hartford School District","900382590","2015-2016","Eligible for Free or Reduced-Price Meals","Percent","Suspensions","10.3"
"West Hartford School District","900382590","2016-2017","Eligible for Free or Reduced-Price Meals","Percent","Suspensions","9.8"
"West Hartford School District","900382590","2017-2018","Eligible for Free or Reduced-Price Meals","Percent","Suspensions","8.6"
"West Hartford School District","900382590","2018-2019","Eligible for Free or Reduced-Price Meals","Percent","Suspensions","8.9"
"West Hartford School District","900382590","2019-2020","Eligible for Free or Reduced-Price Meals","Percent","Suspensions","6.4"
"West Haven School District","900982870","2009-2010","Eligible for Free or Reduced-Price Meals","Percent","Suspensions","16.2"
"West Haven School District","900982870","2010-2011","Eligible for Free or Reduced-Price Meals","Percent","Suspensions","14.1"
"West Haven School District","900982870","2011-2012","Eligible for Free or Reduced-Price Meals","Percent","Suspensions","13.7"
"West Haven School District","900982870","2012-2013","Eligible for Free or Reduced-Price Meals","Percent","Suspensions","12.1"
"West Haven School District","900982870","2013-2014","Eligible for Free or Reduced-Price Meals","Percent","Suspensions","9.7"
"West Haven School District","900982870","2014-2015","Eligible for Free or Reduced-Price Meals","Percent","Suspensions","8.6"
"West Haven School District","900982870","2015-2016","Eligible for Free or Reduced-Price Meals","Percent","Suspensions","8.9"
"West Haven School District","900982870","2016-2017","Eligible for Free or Reduced-Price Meals","Percent","Suspensions","7.2"
"West Haven School District","900982870","2017-2018","Eligible for Free or Reduced-Price Meals","Percent","Suspensions","7.6"
"West Haven School District","900982870","2018-2019","Eligible for Free or Reduced-Price Meals","Percent","Suspensions","9.6"
"West Haven School District","900982870","2019-2020","Eligible for Free or Reduced-Price Meals","Percent","Suspensions","8.7"
"Westbrook School District","900781680","2009-2010","Eligible for Free or Reduced-Price Meals","Percent","Suspensions","9.2"
"Westbrook School District","900781680","2010-2011","Eligible for Free or Reduced-Price Meals","Percent","Suspensions","9.9"
"Westbrook School District","900781680","2011-2012","Eligible for Free or Reduced-Price Meals","Percent","Suspensions","16.3"
"Westbrook School District","900781680","2012-2013","Eligible for Free or Reduced-Price Meals","Percent","Suspensions","12.4"
"Westbrook School District","900781680","2013-2014","Eligible for Free or Reduced-Price Meals","Percent","Suspensions","6.0"
"Westbrook School District","900781680","2014-2015","Eligible for Free or Reduced-Price Meals","Percent","Suspensions","-9999"
"Westbrook School District","900781680","2015-2016","Eligible for Free or Reduced-Price Meals","Percent","Suspensions","-9999"
"Westbrook School District","900781680","2016-2017","Eligible for Free or Reduced-Price Meals","Percent","Suspensions","6.5"
"Westbrook School District","900781680","2017-2018","Eligible for Free or Reduced-Price Meals","Percent","Suspensions","-9999"
"Westbrook School District","900781680","2018-2019","Eligible for Free or Reduced-Price Meals","Percent","Suspensions","-9999"
"Westbrook School District","900781680","2019-2020","Eligible for Free or Reduced-Price Meals","Percent","Suspensions","-9999"
"Western Connecticut Regional Educational Services","","2009-2010","Eligible for Free or Reduced-Price Meals","Percent","Suspensions","-6666"
"Western Connecticut Regional Educational Services","","2010-2011","Eligible for Free or Reduced-Price Meals","Percent","Suspensions","0"
"Western Connecticut Regional Educational Services","","2011-2012","Eligible for Free or Reduced-Price Meals","Percent","Suspensions","-6666"
"Western Connecticut Regional Educational Services","","2012-2013","Eligible for Free or Reduced-Price Meals","Percent","Suspensions","-9999"
"Western Connecticut Regional Educational Services","","2013-2014","Eligible for Free or Reduced-Price Meals","Percent","Suspensions","11.6"
"Western Connecticut Regional Educational Services","","2014-2015","Eligible for Free or Reduced-Price Meals","Percent","Suspensions","5.1"
"Western Connecticut Regional Educational Services","","2015-2016","Eligible for Free or Reduced-Price Meals","Percent","Suspensions","5.4"
"Western Connecticut Regional Educational Services","","2016-2017","Eligible for Free or Reduced-Price Meals","Percent","Suspensions","-9999"
"Western Connecticut Regional Educational Services","","2017-2018","Eligible for Free or Reduced-Price Meals","Percent","Suspensions","-9999"
"Western Connecticut Regional Educational Services","","2018-2019","Eligible for Free or Reduced-Price Meals","Percent","Suspensions","10.1"
"Western Connecticut Regional Educational Services","","2019-2020","Eligible for Free or Reduced-Price Meals","Percent","Suspensions","8.9"
"Weston School District","900183430","2009-2010","Eligible for Free or Reduced-Price Meals","Percent","Suspensions","-9999"
"Weston School District","900183430","2010-2011","Eligible for Free or Reduced-Price Meals","Percent","Suspensions","-9999"
"Weston School District","900183430","2011-2012","Eligible for Free or Reduced-Price Meals","Percent","Suspensions","-9999"
"Weston School District","900183430","2012-2013","Eligible for Free or Reduced-Price Meals","Percent","Suspensions","-9999"
"Weston School District","900183430","2013-2014","Eligible for Free or Reduced-Price Meals","Percent","Suspensions","-9999"
"Weston School District","900183430","2014-2015","Eligible for Free or Reduced-Price Meals","Percent","Suspensions","-9999"
"Weston School District","900183430","2015-2016","Eligible for Free or Reduced-Price Meals","Percent","Suspensions","-9999"
"Weston School District","900183430","2016-2017","Eligible for Free or Reduced-Price Meals","Percent","Suspensions","11.3"
"Weston School District","900183430","2017-2018","Eligible for Free or Reduced-Price Meals","Percent","Suspensions","9.7"
"Weston School District","900183430","2018-2019","Eligible for Free or Reduced-Price Meals","Percent","Suspensions","-9999"
"Weston School District","900183430","2019-2020","Eligible for Free or Reduced-Price Meals","Percent","Suspensions","-9999"
"Westport School District","900183500","2009-2010","Eligible for Free or Reduced-Price Meals","Percent","Suspensions","8.8"
"Westport School District","900183500","2010-2011","Eligible for Free or Reduced-Price Meals","Percent","Suspensions","12.1"
"Westport School District","900183500","2011-2012","Eligible for Free or Reduced-Price Meals","Percent","Suspensions","6.3"
"Westport School District","900183500","2012-2013","Eligible for Free or Reduced-Price Meals","Percent","Suspensions","4.4"
"Westport School District","900183500","2013-2014","Eligible for Free or Reduced-Price Meals","Percent","Suspensions","8.5"
"Westport School District","900183500","2014-2015","Eligible for Free or Reduced-Price Meals","Percent","Suspensions","11.9"
"Westport School District","900183500","2015-2016","Eligible for Free or Reduced-Price Meals","Percent","Suspensions","5.2"
"Westport School District","900183500","2016-2017","Eligible for Free or Reduced-Price Meals","Percent","Suspensions","6.6"
"Westport School District","900183500","2017-2018","Eligible for Free or Reduced-Price Meals","Percent","Suspensions","8.2"
"Westport School District","900183500","2018-2019","Eligible for Free or Reduced-Price Meals","Percent","Suspensions","9.3"
"Westport School District","900183500","2019-2020","Eligible for Free or Reduced-Price Meals","Percent","Suspensions","6.3"
"Wethersfield School District","900384900","2009-2010","Eligible for Free or Reduced-Price Meals","Percent","Suspensions","8.2"
"Wethersfield School District","900384900","2010-2011","Eligible for Free or Reduced-Price Meals","Percent","Suspensions","8.9"
"Wethersfield School District","900384900","2011-2012","Eligible for Free or Reduced-Price Meals","Percent","Suspensions","8.7"
"Wethersfield School District","900384900","2012-2013","Eligible for Free or Reduced-Price Meals","Percent","Suspensions","8.8"
"Wethersfield School District","900384900","2013-2014","Eligible for Free or Reduced-Price Meals","Percent","Suspensions","8.3"
"Wethersfield School District","900384900","2014-2015","Eligible for Free or Reduced-Price Meals","Percent","Suspensions","8.0"
"Wethersfield School District","900384900","2015-2016","Eligible for Free or Reduced-Price Meals","Percent","Suspensions","10.7"
"Wethersfield School District","900384900","2016-2017","Eligible for Free or Reduced-Price Meals","Percent","Suspensions","7.4"
"Wethersfield School District","900384900","2017-2018","Eligible for Free or Reduced-Price Meals","Percent","Suspensions","6.5"
"Wethersfield School District","900384900","2018-2019","Eligible for Free or Reduced-Price Meals","Percent","Suspensions","9.1"
"Wethersfield School District","900384900","2019-2020","Eligible for Free or Reduced-Price Meals","Percent","Suspensions","5.1"
"Willington School District","","2009-2010","Eligible for Free or Reduced-Price Meals","Percent","Suspensions","15.7"
"Willington School District","","2010-2011","Eligible for Free or Reduced-Price Meals","Percent","Suspensions","13.0"
"Willington School District","","2011-2012","Eligible for Free or Reduced-Price Meals","Percent","Suspensions","10.2"
"Willington School District","","2012-2013","Eligible for Free or Reduced-Price Meals","Percent","Suspensions","-9999"
"Willington School District","","2013-2014","Eligible for Free or Reduced-Price Meals","Percent","Suspensions","-9999"
"Willington School District","","2014-2015","Eligible for Free or Reduced-Price Meals","Percent","Suspensions","-9999"
"Willington School District","","2015-2016","Eligible for Free or Reduced-Price Meals","Percent","Suspensions","-9999"
"Willington School District","","2016-2017","Eligible for Free or Reduced-Price Meals","Percent","Suspensions","9.3"
"Willington School District","","2017-2018","Eligible for Free or Reduced-Price Meals","Percent","Suspensions","8.0"
"Willington School District","","2018-2019","Eligible for Free or Reduced-Price Meals","Percent","Suspensions","-9999"
"Willington School District","","2019-2020","Eligible for Free or Reduced-Price Meals","Percent","Suspensions","-9999"
"Wilton School District","900186370","2009-2010","Eligible for Free or Reduced-Price Meals","Percent","Suspensions","-9999"
"Wilton School District","900186370","2010-2011","Eligible for Free or Reduced-Price Meals","Percent","Suspensions","-9999"
"Wilton School District","900186370","2011-2012","Eligible for Free or Reduced-Price Meals","Percent","Suspensions","-9999"
"Wilton School District","900186370","2012-2013","Eligible for Free or Reduced-Price Meals","Percent","Suspensions","-9999"
"Wilton School District","900186370","2013-2014","Eligible for Free or Reduced-Price Meals","Percent","Suspensions","-9999"
"Wilton School District","900186370","2014-2015","Eligible for Free or Reduced-Price Meals","Percent","Suspensions","-9999"
"Wilton School District","900186370","2015-2016","Eligible for Free or Reduced-Price Meals","Percent","Suspensions","-9999"
"Wilton School District","900186370","2016-2017","Eligible for Free or Reduced-Price Meals","Percent","Suspensions","-9999"
"Wilton School District","900186370","2017-2018","Eligible for Free or Reduced-Price Meals","Percent","Suspensions","3.7"
"Wilton School District","900186370","2018-2019","Eligible for Free or Reduced-Price Meals","Percent","Suspensions","-9999"
"Wilton School District","900186370","2019-2020","Eligible for Free or Reduced-Price Meals","Percent","Suspensions","-9999"
"Winchester School District","900586440","2009-2010","Eligible for Free or Reduced-Price Meals","Percent","Suspensions","4.7"
"Winchester School District","900586440","2010-2011","Eligible for Free or Reduced-Price Meals","Percent","Suspensions","6.7"
"Winchester School District","900586440","2011-2012","Eligible for Free or Reduced-Price Meals","Percent","Suspensions","5.0"
"Winchester School District","900586440","2012-2013","Eligible for Free or Reduced-Price Meals","Percent","Suspensions","7.6"
"Winchester School District","900586440","2013-2014","Eligible for Free or Reduced-Price Meals","Percent","Suspensions","3.7"
"Winchester School District","900586440","2014-2015","Eligible for Free or Reduced-Price Meals","Percent","Suspensions","3.0"
"Winchester School District","900586440","2015-2016","Eligible for Free or Reduced-Price Meals","Percent","Suspensions","2.4"
"Winchester School District","900586440","2016-2017","Eligible for Free or Reduced-Price Meals","Percent","Suspensions","8.1"
"Winchester School District","900586440","2017-2018","Eligible for Free or Reduced-Price Meals","Percent","Suspensions","4.8"
"Winchester School District","900586440","2018-2019","Eligible for Free or Reduced-Price Meals","Percent","Suspensions","4.2"
"Winchester School District","900586440","2019-2020","Eligible for Free or Reduced-Price Meals","Percent","Suspensions","2.4"
"Windham School District","901586790","2009-2010","Eligible for Free or Reduced-Price Meals","Percent","Suspensions","18.9"
"Windham School District","901586790","2010-2011","Eligible for Free or Reduced-Price Meals","Percent","Suspensions","19.5"
"Windham School District","901586790","2011-2012","Eligible for Free or Reduced-Price Meals","Percent","Suspensions","20.5"
"Windham School District","901586790","2012-2013","Eligible for Free or Reduced-Price Meals","Percent","Suspensions","18.3"
"Windham School District","901586790","2013-2014","Eligible for Free or Reduced-Price Meals","Percent","Suspensions","19.4"
"Windham School District","901586790","2014-2015","Eligible for Free or Reduced-Price Meals","Percent","Suspensions","15.6"
"Windham School District","901586790","2015-2016","Eligible for Free or Reduced-Price Meals","Percent","Suspensions","15.4"
"Windham School District","901586790","2016-2017","Eligible for Free or Reduced-Price Meals","Percent","Suspensions","12.9"
"Windham School District","901586790","2017-2018","Eligible for Free or Reduced-Price Meals","Percent","Suspensions","13.4"
"Windham School District","901586790","2018-2019","Eligible for Free or Reduced-Price Meals","Percent","Suspensions","13.8"
"Windham School District","901586790","2019-2020","Eligible for Free or Reduced-Price Meals","Percent","Suspensions","12.0"
"Windsor Locks School District","900387070","2009-2010","Eligible for Free or Reduced-Price Meals","Percent","Suspensions","13.1"
"Windsor Locks School District","900387070","2010-2011","Eligible for Free or Reduced-Price Meals","Percent","Suspensions","11.2"
"Windsor Locks School District","900387070","2011-2012","Eligible for Free or Reduced-Price Meals","Percent","Suspensions","14.6"
"Windsor Locks School District","900387070","2012-2013","Eligible for Free or Reduced-Price Meals","Percent","Suspensions","13.5"
"Windsor Locks School District","900387070","2013-2014","Eligible for Free or Reduced-Price Meals","Percent","Suspensions","11.5"
"Windsor Locks School District","900387070","2014-2015","Eligible for Free or Reduced-Price Meals","Percent","Suspensions","10.4"
"Windsor Locks School District","900387070","2015-2016","Eligible for Free or Reduced-Price Meals","Percent","Suspensions","12.0"
"Windsor Locks School District","900387070","2016-2017","Eligible for Free or Reduced-Price Meals","Percent","Suspensions","7.4"
"Windsor Locks School District","900387070","2017-2018","Eligible for Free or Reduced-Price Meals","Percent","Suspensions","8.9"
"Windsor Locks School District","900387070","2018-2019","Eligible for Free or Reduced-Price Meals","Percent","Suspensions","9.9"
"Windsor Locks School District","900387070","2019-2020","Eligible for Free or Reduced-Price Meals","Percent","Suspensions","6.8"
"Windsor School District","900387000","2009-2010","Eligible for Free or Reduced-Price Meals","Percent","Suspensions","22.0"
"Windsor School District","900387000","2010-2011","Eligible for Free or Reduced-Price Meals","Percent","Suspensions","24.1"
"Windsor School District","900387000","2011-2012","Eligible for Free or Reduced-Price Meals","Percent","Suspensions","22.0"
"Windsor School District","900387000","2012-2013","Eligible for Free or Reduced-Price Meals","Percent","Suspensions","19.9"
"Windsor School District","900387000","2013-2014","Eligible for Free or Reduced-Price Meals","Percent","Suspensions","19.2"
"Windsor School District","900387000","2014-2015","Eligible for Free or Reduced-Price Meals","Percent","Suspensions","18.4"
"Windsor School District","900387000","2015-2016","Eligible for Free or Reduced-Price Meals","Percent","Suspensions","20.3"
"Windsor School District","900387000","2016-2017","Eligible for Free or Reduced-Price Meals","Percent","Suspensions","17.3"
"Windsor School District","900387000","2017-2018","Eligible for Free or Reduced-Price Meals","Percent","Suspensions","16.9"
"Windsor School District","900387000","2018-2019","Eligible for Free or Reduced-Price Meals","Percent","Suspensions","14.8"
"Windsor School District","900387000","2019-2020","Eligible for Free or Reduced-Price Meals","Percent","Suspensions","12.1"
"Wolcott School District","900987560","2009-2010","Eligible for Free or Reduced-Price Meals","Percent","Suspensions","10.4"
"Wolcott School District","900987560","2010-2011","Eligible for Free or Reduced-Price Meals","Percent","Suspensions","10.3"
"Wolcott School District","900987560","2011-2012","Eligible for Free or Reduced-Price Meals","Percent","Suspensions","11.5"
"Wolcott School District","900987560","2012-2013","Eligible for Free or Reduced-Price Meals","Percent","Suspensions","10.3"
"Wolcott School District","900987560","2013-2014","Eligible for Free or Reduced-Price Meals","Percent","Suspensions","12.5"
"Wolcott School District","900987560","2014-2015","Eligible for Free or Reduced-Price Meals","Percent","Suspensions","9.6"
"Wolcott School District","900987560","2015-2016","Eligible for Free or Reduced-Price Meals","Percent","Suspensions","9.8"
"Wolcott School District","900987560","2016-2017","Eligible for Free or Reduced-Price Meals","Percent","Suspensions","8.6"
"Wolcott School District","900987560","2017-2018","Eligible for Free or Reduced-Price Meals","Percent","Suspensions","7.9"
"Wolcott School District","900987560","2018-2019","Eligible for Free or Reduced-Price Meals","Percent","Suspensions","8.8"
"Wolcott School District","900987560","2019-2020","Eligible for Free or Reduced-Price Meals","Percent","Suspensions","4.3"
"Woodbridge School District","","2009-2010","Eligible for Free or Reduced-Price Meals","Percent","Suspensions","-6666"
"Woodbridge School District","","2010-2011","Eligible for Free or Reduced-Price Meals","Percent","Suspensions","-9999"
"Woodbridge School District","","2011-2012","Eligible for Free or Reduced-Price Meals","Percent","Suspensions","-9999"
"Woodbridge School District","","2012-2013","Eligible for Free or Reduced-Price Meals","Percent","Suspensions","-6666"
"Woodbridge School District","","2013-2014","Eligible for Free or Reduced-Price Meals","Percent","Suspensions","-9999"
"Woodbridge School District","","2014-2015","Eligible for Free or Reduced-Price Meals","Percent","Suspensions","-9999"
"Woodbridge School District","","2015-2016","Eligible for Free or Reduced-Price Meals","Percent","Suspensions","-6666"
"Woodbridge School District","","2016-2017","Eligible for Free or Reduced-Price Meals","Percent","Suspensions","-9999"
"Woodbridge School District","","2017-2018","Eligible for Free or Reduced-Price Meals","Percent","Suspensions","-9999"
"Woodbridge School District","","2018-2019","Eligible for Free or Reduced-Price Meals","Percent","Suspensions","-9999"
"Woodbridge School District","","2019-2020","Eligible for Free or Reduced-Price Meals","Percent","Suspensions","-9999"
"Woodstock Academy District","","2009-2010","Eligible for Free or Reduced-Price Meals","Percent","Suspensions","18.9"
"Woodstock Academy District","","2010-2011","Eligible for Free or Reduced-Price Meals","Percent","Suspensions","15.5"
"Woodstock Academy District","","2011-2012","Eligible for Free or Reduced-Price Meals","Percent","Suspensions","-9999"
"Woodstock Academy District","","2012-2013","Eligible for Free or Reduced-Price Meals","Percent","Suspensions","14.0"
"Woodstock Academy District","","2013-2014","Eligible for Free or Reduced-Price Meals","Percent","Suspensions","-9999"
"Woodstock Academy District","","2014-2015","Eligible for Free or Reduced-Price Meals","Percent","Suspensions","32.1"
"Woodstock Academy District","","2015-2016","Eligible for Free or Reduced-Price Meals","Percent","Suspensions","24.0"
"Woodstock Academy District","","2016-2017","Eligible for Free or Reduced-Price Meals","Percent","Suspensions","-9999"
"Woodstock Academy District","","2017-2018","Eligible for Free or Reduced-Price Meals","Percent","Suspensions","-9999"
"Woodstock Academy District","","2018-2019","Eligible for Free or Reduced-Price Meals","Percent","Suspensions","-9999"
"Woodstock Academy District","","2019-2020","Eligible for Free or Reduced-Price Meals","Percent","Suspensions","-9999"
"Woodstock School District","","2009-2010","Eligible for Free or Reduced-Price Meals","Percent","Suspensions","-9999"
"Woodstock School District","","2010-2011","Eligible for Free or Reduced-Price Meals","Percent","Suspensions","-9999"
"Woodstock School District","","2011-2012","Eligible for Free or Reduced-Price Meals","Percent","Suspensions","-9999"
"Woodstock School District","","2012-2013","Eligible for Free or Reduced-Price Meals","Percent","Suspensions","-9999"
"Woodstock School District","","2013-2014","Eligible for Free or Reduced-Price Meals","Percent","Suspensions","-9999"
"Woodstock School District","","2014-2015","Eligible for Free or Reduced-Price Meals","Percent","Suspensions","-9999"
"Woodstock School District","","2015-2016","Eligible for Free or Reduced-Price Meals","Percent","Suspensions","-9999"
"Woodstock School District","","2016-2017","Eligible for Free or Reduced-Price Meals","Percent","Suspensions","-9999"
"Woodstock School District","","2017-2018","Eligible for Free or Reduced-Price Meals","Percent","Suspensions","6.8"
"Woodstock School District","","2018-2019","Eligible for Free or Reduced-Price Meals","Percent","Suspensions","-9999"
"Woodstock School District","","2019-2020","Eligible for Free or Reduced-Price Meals","Percent","Suspensions","-9999"
